
Number of sequences: 1000
Number of modes: 5
Likelihood: -759.956072181


MOTIF: 0 (382 sequences, width 8)

A [0.0	0.217277486911	0.0	0.0	0.455497382199	0.0	0.0	0.112565445026]
C [0.314136125654	0.0	0.0	0.0	0.51832460733	0.311518324607	0.162303664921	0.282722513089]
G [0.685863874346	0.115183246073	0.167539267016	0.0	0.00261780104712	0.274869109948	0.178010471204	0.243455497382]
T [0.0	0.667539267016	0.832460732984	1.0	0.0235602094241	0.413612565445	0.659685863874	0.361256544503]



MOTIF: 1 (27 sequences, width 8)

A [0.0	0.259259259259	0.0	0.814814814815	0.333333333333	0.0	1.0	0.0]
C [0.037037037037	0.0	0.0	0.0	0.0	1.0	0.0	1.0]
G [0.407407407407	0.0	0.962962962963	0.185185185185	0.666666666667	0.0	0.0	0.0]
T [0.555555555556	0.740740740741	0.037037037037	0.0	0.0	0.0	0.0	0.0]



MOTIF: 2 (227 sequences, width 8)

A [0.872246696035	0.0	0.422907488987	0.259911894273	0.140969162996	0.0	0.259911894273	0.0]
C [0.127753303965	0.995594713656	0.0	0.0	0.308370044053	0.123348017621	0.418502202643	0.493392070485]
G [0.0	0.0	0.132158590308	0.735682819383	0.0396475770925	0.876651982379	0.308370044053	0.0]
T [0.0	0.00440528634361	0.444933920705	0.00440528634361	0.511013215859	0.0	0.0132158590308	0.506607929515]



MOTIF: 3 (188 sequences, width 8)

A [0.537234042553	0.0	0.335106382979	0.0	0.281914893617	1.0	0.0	0.372340425532]
C [0.0	0.675531914894	0.0	0.0	0.0	0.0	0.117021276596	0.0691489361702]
G [0.462765957447	0.0	0.398936170213	1.0	0.441489361702	0.0	0.882978723404	0.132978723404]
T [0.0	0.324468085106	0.265957446809	0.0	0.276595744681	0.0	0.0	0.425531914894]



MOTIF: 4 (176 sequences, width 8)

A [0.00568181818182	0.448863636364	0.522727272727	0.0	0.0	0.0	0.704545454545	0.295454545455]
C [0.232954545455	0.221590909091	0.0	0.0	0.693181818182	0.00568181818182	0.0	0.0]
G [0.215909090909	0.0	0.238636363636	1.0	0.204545454545	0.994318181818	0.0113636363636	0.113636363636]
T [0.545454545455	0.329545454545	0.238636363636	0.0	0.102272727273	0.0	0.284090909091	0.590909090909]


