
Number of sequences: 2292
Number of modes: 6
Likelihood: 12698.8223039


MOTIF: 0 (36 sequences, width 21)

A [0.0	0.138888888889	0.0	0.0	0.0277777777778	0.0	0.0277777777778	0.0	0.0	0.0	0.5	0.0	0.0	0.0	0.0	0.0277777777778	0.0	0.0	0.0277777777778	0.611111111111	0.222222222222]
C [0.305555555556	0.444444444444	0.527777777778	0.777777777778	0.583333333333	0.138888888889	0.0	0.0555555555556	1.0	1.0	0.0	0.0277777777778	0.0	0.0	0.0277777777778	0.333333333333	1.0	0.0	0.0	0.138888888889	0.666666666667]
G [0.666666666667	0.111111111111	0.0	0.194444444444	0.0277777777778	0.0277777777778	0.944444444444	0.333333333333	0.0	0.0	0.0277777777778	0.0	1.0	1.0	0.0	0.611111111111	0.0	0.0	0.972222222222	0.25	0.0833333333333]
T [0.0277777777778	0.305555555556	0.472222222222	0.0277777777778	0.361111111111	0.833333333333	0.0277777777778	0.611111111111	0.0	0.0	0.472222222222	0.972222222222	0.0	0.0	0.972222222222	0.0277777777778	0.0	1.0	0.0	0.0	0.0277777777778]



MOTIF: 1 (4 sequences, width 15)

A [0.0	0.0	0.0	0.0	0.0	0.0	0.0	0.0	0.0	0.0	0.75	0.0	0.0	0.75	0.0]
C [0.0	0.25	1.0	0.0	1.0	0.25	0.0	0.0	1.0	1.0	0.0	0.0	0.75	0.25	0.0]
G [0.5	0.75	0.0	0.25	0.0	0.0	1.0	0.0	0.0	0.0	0.0	0.75	0.25	0.0	0.0]
T [0.5	0.0	0.0	0.75	0.0	0.75	0.0	1.0	0.0	0.0	0.25	0.25	0.0	0.0	1.0]



MOTIF: 2 (1287 sequences, width 21)

A [0.119658119658	0.017871017871	0.011655011655	0.999222999223	0.00854700854701	0.0738150738151	0.999222999223	0.00777000777001	0.018648018648	0.564102564103	0.136752136752	0.020979020979	0.011655011655	0.888888888889	0.003885003885	0.998445998446	0.024087024087	0.136752136752	0.229215229215	0.13986013986	0.104895104895]
C [0.0901320901321	0.11655011655	0.958818958819	0.0	0.0	0.637140637141	0.0	0.990675990676	0.93006993007	0.13209013209	0.262626262626	0.003108003108	0.0	0.0675990675991	0.803418803419	0.0	0.003108003108	0.636363636364	0.020979020979	0.597513597514	0.707847707848]
G [0.218337218337	0.0784770784771	0.0	0.000777000777001	0.988344988345	0.198912198912	0.000777000777001	0.0	0.00699300699301	0.111111111111	0.0823620823621	0.973581973582	0.988344988345	0.010101010101	0.144522144522	0.001554001554	0.969696969697	0.0909090909091	0.436674436674	0.18648018648	0.018648018648]
T [0.571872571873	0.787101787102	0.029526029526	0.0	0.003108003108	0.0901320901321	0.0	0.001554001554	0.044289044289	0.192696192696	0.51825951826	0.002331002331	0.0	0.033411033411	0.048174048174	0.0	0.003108003108	0.135975135975	0.313131313131	0.0761460761461	0.168609168609]



MOTIF: 3 (205 sequences, width 20)

A [0.107317073171	0.282926829268	0.39512195122	0.141463414634	0.0536585365854	0.970731707317	0.00487804878049	0.00975609756098	0.541463414634	0.0439024390244	0.0	0.0	0.970731707317	0.00487804878049	1.0	0.00975609756098	0.141463414634	0.19512195122	0.112195121951	0.136585365854]
C [0.453658536585	0.141463414634	0.156097560976	0.19512195122	0.365853658537	0.0292682926829	0.99512195122	0.990243902439	0.0536585365854	0.0536585365854	0.0	0.0341463414634	0.019512195122	0.809756097561	0.0	0.0	0.692682926829	0.0	0.609756097561	0.726829268293]
G [0.185365853659	0.248780487805	0.375609756098	0.59512195122	0.243902439024	0.0	0.0	0.0	0.0	0.0585365853659	1.0	0.965853658537	0.0	0.160975609756	0.0	0.990243902439	0.0731707317073	0.375609756098	0.248780487805	0.0292682926829]
T [0.253658536585	0.326829268293	0.0731707317073	0.0682926829268	0.336585365854	0.0	0.0	0.0	0.40487804878	0.843902439024	0.0	0.0	0.00975609756098	0.0243902439024	0.0	0.0	0.0926829268293	0.429268292683	0.0292682926829	0.107317073171]



MOTIF: 4 (365 sequences, width 10)

A [0.224657534247	0.232876712329	0.0739726027397	0.0027397260274	0.0109589041096	0.0602739726027	0.0904109589041	0.0027397260274	0.802739726027	0.704109589041]
C [0.139726027397	0.0	0.0164383561644	0.0027397260274	0.0602739726027	0.813698630137	0.0	0.0328767123288	0.0027397260274	0.117808219178]
G [0.178082191781	0.704109589041	0.871232876712	0.150684931507	0.849315068493	0.117808219178	0.0109589041096	0.923287671233	0.139726027397	0.0849315068493]
T [0.457534246575	0.0630136986301	0.0383561643836	0.843835616438	0.0794520547945	0.00821917808219	0.898630136986	0.041095890411	0.0547945205479	0.0931506849315]



MOTIF: 5 (395 sequences, width 11)

A [0.0784810126582	0.0126582278481	0.00253164556962	0.972151898734	0.0101265822785	0.987341772152	0.0	0.0278481012658	0.162025316456	0.073417721519	0.0303797468354]
C [0.0987341772152	0.00253164556962	0.0	0.0	0.954430379747	0.0	0.00253164556962	0.835443037975	0.00506329113924	0.741772151899	0.86582278481]
G [0.0354430379747	0.959493670886	0.99746835443	0.0101265822785	0.0227848101266	0.00253164556962	0.994936708861	0.00506329113924	0.33164556962	0.136708860759	0.0101265822785]
T [0.787341772152	0.0253164556962	0.0	0.0177215189873	0.0126582278481	0.0101265822785	0.00253164556962	0.13164556962	0.501265822785	0.0481012658228	0.0936708860759]


