106
107
276
351
338
306
71
97
49
385
46
132
189
387
67
58
329
317
366
322
230
179
324
277
23
351
183
354
294
128
49
64
162
57
29
277
20
313
75
148
352
215
295
77
283
121
250
302
144
218
379
187
124
295
58
137
276
311
287
1
77
62
42
328
84
296
343
287
315
141
54
166
304
71
97
149
274
40
163
138
253
210
101
362
50
101
142
192
341
357
326
172
267
331
284
389
52
63
47
325
32
365
376
378
254
43
90
63
290
61
175
148
149
264
309
99
213
351
139
271
190
8
240
324
119
289
89
134
267
322
51
75
303
259
30
286
332
242
109
296
112
56
297
285
74
203
139
323
317
70
100
286
312
64
236
275
248
361
118
300
58
281
164
35
249
282
68
16
64
166
61
285
254
305
344
183
207
33
344
53
7
335
307
262
367
47
278
177
267
89
79
281
320
142
58
294
227
110
204
355
115
219
224
343
86
313
84
63
95
273
128
350
53
110
301
327
327
258
120
79
0
341
355
331
47
333
71
297
332
54
39
356
97
76
151
150
328
274
106
254
114
255
135
46
191
360
59
291
317
154
185
300
323
335
109
116
349
106
301
134
18
106
235
260
340
329
282
157
14
110
354
78
184
304
184
345
41
246
39
370
46
129
328
259
60
250
102
348
176
145
142
46
320
294
92
33
334
38
342
331
44
208
251
111
138
185
16
246
101
243
45
97
147
310
68
110
96
231
268
244
87
288
278
84
307
20
24
89
299
95
247
225
54
84
33
243
104
279
70
251
24
272
108
149
340
207
112
281
314
130
179
159
334
335
278
326
157
259
251
316
137
212
302
32
57
363
334
288
25
345
133
205
52
146
351
317
260
60
329
53
288
80
320
259
356
49
175
128
318
29
326
322
260
294
156
140
238
66
260
115
98
282
278
313
39
339
-1
-1
287
313
121
140
61
307
260
266
362
137
243
103
352
307
141
84
264
51
74
328
128
254
55
325
353
354
47
189
266
130
389
119
358
92
85
125
337
328
146
379
69
177
47
324
231
343
93
215
336
132
306
357
218
238
14
327
61
81
69
112
54
248
284
143
273
112
336
114
66
334
138
232
6
330
267
241
61
106
97
381
91
110
75
63
75
351
38
93
36
326
151
258
151
30
139
365
274
310
330
184
349
259
289
371
98
284
302
290
202
300
335
122
290
188
129
6
380
316
273
33
4
308
80
365
303
311
319
262
132
317
108
374
119
56
28
346
103
298
247
87
251
279
15
110
324
56
68
340
244
192
238
89
287
80
45
225
36
131
95
61
24
112
265
337
132
9
251
79
140
186
256
193
276
368
52
287
73
242
391
2
65
32
302
234
343
94
119
39
29
281
369
336
320
63
68
309
128
297
378
289
294
158
93
291
362
95
139
118
113
126
335
129
228
160
113
55
296
387
258
174
98
378
266
84
74
268
246
87
30
46
312
338
65
330
137
7
341
131
130
284
376
282
285
147
115
349
40
234
265
106
349
290
113
300
192
327
337
218
301
135
275
372
213
388
328
138
171
263
301
266
41
67
336
295
149
177
321
110
157
351
282
49
274
40
229
156
204
278
112
306
387
354
362
102
257
104
1
131
51
330
157
299
285
274
328
143
303
96
141
282
123
112
301
152
55
372
342
324
272
127
26
49
269
307
140
139
49
90
289
135
261
78
220
149
150
126
274
272
357
55
139
284
56
274
52
127
108
272
285
138
318
338
244
10
89
84
75
294
127
75
147
277
17
0
318
315
318
370
262
48
142
274
111
284
355
106
274
147
237
315
321
43
334
346
295
387
95
177
351
248
302
91
19
179
136
110
144
334
7
296
280
164
247
38
279
18
162
392
53
310
238
225
55
140
286
309
9
302
369
304
141
137
75
223
355
118
257
41
99
57
84
84
34
89
127
215
112
345
305
69
134
114
116
249
391
246
315
130
360
272
320
146
205
370
332
101
322
252
188
343
98
327
53
117
314
73
44
369
29
131
83
380
76
336
321
31
86
56
11
333
275
234
211
320
106
308
11
393
314
354
148
118
281
259
316
31
345
86
131
136
353
316
283
91
240
14
127
55
84
243
323
134
119
254
144
275
215
73
263
277
72
355
114
345
359
138
235
305
333
379
157
206
106
106
179
364
288
304
321
37
221
343
54
372
38
288
364
134
43
229
301
209
373
135
49
78
261
316
191
149
129
92
7
232
82
110
347
350
112
333
357
38
116
342
268
232
9
392
358
264
125
63
323
306
41
169
85
380
283
56
331
296
346
92
156
92
111
272
307
373
303
131
315
328
103
157
303
301
272
282
253
343
256
141
17
40
321
317
341
233
382
324
99
103
231
283
133
87
326
20
74
91
121
307
267
318
144
89
297
119
45
342
277
290
269
119
181
64
193
310
265
78
312
331
339
265
319
70
275
342
253
136
165
131
319
77
118
33
252
181
124
322
309
320
272
36
248
60
136
136
271
110
185
236
274
55
83
29
143
329
245
127
129
37
386
76
101
62
298
117
123
247
80
302
394
84
279
165
1
311
379
75
313
263
116
65
140
61
322
326
328
309
356
275
268
62
86
303
125
126
277
36
353
54
79
265
303
307
145
123
295
302
107
24
330
59
133
89
329
113
99
97
52
37
117
238
70
25
150
290
233
286
137
177
62
279
83
141
81
313
43
111
276
41
150
335
135
155
336
247
253
315
45
277
151
273
230
88
318
268
367
135
290
306
283
77
350
44
336
157
277
269
63
301
144
287
345
4
264
119
131
125
71
43
301
257
347
280
357
83
129
367
270
270
115
40
98
46
25
1
290
279
254
182
104
156
321
345
98
359
290
86
76
85
361
45
72
80
116
295
219
149
67
105
6
359
58
258
334
248
172
302
205
100
49
304
117
131
212
274
76
59
351
377
121
332
235
18
61
35
335
121
367
102
102
168
334
144
323
80
27
268
209
218
145
252
334
244
224
89
332
44
350
87
319
313
23
297
321
146
47
311
293
349
25
299
323
257
127
38
146
92
234
342
44
285
296
39
155
296
259
81
271
10
257
116
364
271
55
79
164
21
59
137
288
373
150
363
88
69
219
42
117
74
116
73
358
312
145
292
393
80
81
342
78
91
105
111
219
131
212
57
36
298
22
322
250
82
50
104
346
74
166
24
25
53
10
83
336
123
121
316
255
376
264
254
131
94
337
342
243
222
94
277
128
81
213
329
341
241
111
311
35
133
119
29
261
25
128
82
269
360
21
278
252
86
110
300
269
82
123
231
336
163
81
246
88
142
157
349
306
242
131
343
252
192
110
322
295
318
298
161
94
68
118
320
44
328
205
107
361
368
192
355
386
295
317
115
150
363
323
236
30
14
338
278
344
94
23
357
133
93
150
313
105
261
253
269
254
352
337
31
59
321
301
25
70
282
88
19
11
311
303
139
221
275
125
257
259
298
311
359
36
225
105
120
119
177
26
28
20
83
42
355
41
282
333
139
316
116
62
305
284
135
170
278
318
348
119
109
353
74
115
350
106
273
318
83
112
295
347
301
86
184
72
327
77
287
212
355
207
293
248
340
39
227
326
127
86
360
44
298
16
259
153
286
21
40
84
116
306
149
19
173
160
82
335
143
282
156
137
57
247
167
39
52
92
80
111
261
112
92
93
21
267
109
277
299
249
342
93
218
350
15
86
325
277
14
332
315
213
44
284
364
303
321
120
253
246
250
82
305
220
96
333
126
9
242
319
358
120
185
294
109
172
80
317
153
310
119
105
358
20
204
257
318
96
122
111
358
287
71
242
114
385
134
126
75
126
152
128
126
156
263
335
7
245
284
114
78
342
357
32
309
142
178
278
309
231
359
139
158
53
150
121
118
90
171
329
384
59
106
188
49
311
58
267
41
307
166
353
333
281
296
302
125
124
363
13
60
341
129
342
382
14
125
272
343
121
78
146
296
12
171
345
125
309
253
342
350
261
248
79
99
103
61
305
128
15
244
87
93
338
269
151
149
355
99
286
115
293
49
116
141
314
342
273
96
69
122
355
240
53
15
349
339
347
66
288
271
356
316
68
154
343
82
44
180
386
336
148
117
313
244
122
271
180
323
92
253
379
224
336
4
241
128
75
209
106
128
280
75
309
392
103
329
240
25
108
310
20
138
105
11
298
313
51
288
349
39
122
352
299
361
168
339
318
143
8
113
104
284
314
231
110
352
372
263
108
151
321
113
64
256
1
11
54
135
15
84
99
204
307
333
330
281
143
103
278
283
138
140
108
20
97
119
82
85
64
68
263
178
98
144
243
67
291
88
116
315
241
82
316
287
122
43
61
282
299
272
98
134
391
258
117
237
267
122
72
120
166
35
94
117
140
58
59
348
303
143
256
83
329
122
129
326
261
166
54
289
243
2
19
87
164
74
162
226
55
45
33
262
142
367
69
108
348
78
327
0
324
80
343
166
143
205
0
80
364
331
371
338
316
292
61
34
308
312
95
104
321
137
353
46
290
92
307
25
21
99
308
142
92
318
45
68
118
326
269
139
268
93
206
90
154
243
344
367
317
123
301
16
50
312
279
323
276
341
366
297
128
286
309
298
361
379
161
293
350
297
57
267
75
214
107
313
317
96
130
210
324
394
74
100
228
130
294
43
335
31
95
339
285
121
236
306
346
146
257
350
113
373
330
32
232
118
108
146
258
151
308
257
182
65
25
266
111
108
160
144
121
339
245
95
63
127
282
278
323
22
341
227
320
231
305
357
0
138
243
262
327
144
275
341
340
337
351
335
384
108
284
117
84
316
108
74
341
116
117
68
347
108
347
172
78
286
51
368
335
11
345
74
106
124
33
303
13
119
308
29
331
9
320
361
333
90
339
314
257
135
263
342
61
143
147
267
205
286
304
322
34
114
310
296
203
45
147
80
30
380
126
357
51
381
88
115
53
220
326
268
146
98
52
118
