
Number of sequences: 1000
Number of modes: 9
Likelihood: -475.401617596


MOTIF: 0 (108 sequences, width 8)

A [0.00925925925926	0.0	0.0	0.0	0.0	0.0277777777778	0.0555555555556	0.0]
C [0.0	0.00925925925926	1.0	0.462962962963	0.481481481481	0.0	0.324074074074	0.0]
G [0.416666666667	0.0	0.0	0.333333333333	0.231481481481	0.444444444444	0.62037037037	0.0]
T [0.574074074074	0.990740740741	0.0	0.203703703704	0.287037037037	0.527777777778	0.0	1.0]



MOTIF: 1 (206 sequences, width 8)

A [0.606796116505	0.106796116505	0.52427184466	0.0	0.0	0.412621359223	0.0	0.47572815534]
C [0.0	0.383495145631	0.0	0.0	0.0	0.0	0.485436893204	0.0]
G [0.393203883495	0.0	0.0631067961165	1.0	1.0	0.320388349515	0.456310679612	0.0873786407767]
T [0.0	0.509708737864	0.412621359223	0.0	0.0	0.266990291262	0.0582524271845	0.436893203883]



MOTIF: 2 (129 sequences, width 8)

A [0.790697674419	0.0	0.0	0.0	0.201550387597	0.0077519379845	0.0	0.0]
C [0.209302325581	1.0	0.108527131783	0.170542635659	0.062015503876	0.186046511628	0.565891472868	0.15503875969]
G [0.0	0.0	0.0	0.527131782946	0.131782945736	0.806201550388	0.434108527132	0.0232558139535]
T [0.0	0.0	0.891472868217	0.302325581395	0.604651162791	0.0	0.0	0.821705426357]



MOTIF: 3 (108 sequences, width 8)

A [0.212962962963	0.166666666667	0.648148148148	0.0	0.0185185185185	0.25	0.0	0.0]
C [0.185185185185	0.527777777778	0.12037037037	0.0	0.333333333333	0.0	0.0	0.0]
G [0.601851851852	0.0462962962963	0.0	0.37962962963	0.0	0.75	0.0	0.0]
T [0.0	0.259259259259	0.231481481481	0.62037037037	0.648148148148	0.0	1.0	1.0]



MOTIF: 4 (133 sequences, width 8)

A [0.398496240602	0.12030075188	0.0	0.0	0.917293233083	0.0	0.12030075188	0.0]
C [0.0	0.248120300752	0.428571428571	1.0	0.0	0.157894736842	0.639097744361	0.308270676692]
G [0.0	0.451127819549	0.0	0.0	0.0	0.210526315789	0.0	0.691729323308]
T [0.601503759398	0.18045112782	0.571428571429	0.0	0.0827067669173	0.631578947368	0.240601503759	0.0]



MOTIF: 5 (88 sequences, width 8)

A [0.0	0.375	0.0	0.0	0.0568181818182	0.0	0.306818181818	0.397727272727]
C [0.0	0.0681818181818	0.375	0.784090909091	0.0	0.988636363636	0.102272727273	0.0113636363636]
G [0.0	0.0	0.0	0.215909090909	0.943181818182	0.0113636363636	0.0681818181818	0.0]
T [1.0	0.556818181818	0.625	0.0	0.0	0.0	0.522727272727	0.590909090909]



MOTIF: 6 (0 sequences, width 0)


MOTIF: 7 (181 sequences, width 8)

A [0.110497237569	0.0994475138122	0.0	0.0	0.419889502762	0.0	0.0	0.0]
C [0.0	0.0	0.0	0.00552486187845	0.580110497238	0.187845303867	0.0110497237569	0.182320441989]
G [0.850828729282	0.370165745856	0.198895027624	0.0110497237569	0.0	0.0	0.331491712707	0.497237569061]
T [0.0386740331492	0.530386740331	0.801104972376	0.983425414365	0.0	0.812154696133	0.657458563536	0.32044198895]



MOTIF: 8 (47 sequences, width 8)

A [0.0	0.0	0.468085106383	0.0212765957447	0.0	0.446808510638	0.0	0.0]
C [0.0	0.574468085106	0.404255319149	0.0	0.0212765957447	0.0212765957447	0.851063829787	0.0]
G [0.0	0.425531914894	0.0212765957447	0.0	0.0	0.531914893617	0.148936170213	0.212765957447]
T [1.0	0.0	0.106382978723	0.978723404255	0.978723404255	0.0	0.0	0.787234042553]


