
Number of sequences: 2292
Number of modes: 7
Likelihood: 13160.6973391


MOTIF: 0 (220 sequences, width 18)

A [0.131818181818	0.0318181818182	0.409090909091	0.0772727272727	0.00454545454545	0.0	0.00454545454545	0.0136363636364	0.0	0.0	0.8	0.390909090909	0.0	0.0	0.0	0.386363636364	0.0772727272727	0.0772727272727]
C [0.0272727272727	0.231818181818	0.368181818182	0.0727272727273	0.990909090909	0.0	0.140909090909	0.0	0.995454545455	1.0	0.0272727272727	0.0181818181818	0.0	0.0	0.0	0.218181818182	0.627272727273	0.327272727273]
G [0.759090909091	0.622727272727	0.0	0.740909090909	0.0	0.0	0.85	0.00909090909091	0.0	0.0	0.122727272727	0.0590909090909	0.995454545455	0.95	0.0	0.359090909091	0.172727272727	0.136363636364]
T [0.0818181818182	0.113636363636	0.222727272727	0.109090909091	0.00454545454545	1.0	0.00454545454545	0.977272727273	0.00454545454545	0.0	0.05	0.531818181818	0.00454545454545	0.05	1.0	0.0363636363636	0.122727272727	0.459090909091]



MOTIF: 1 (291 sequences, width 10)

A [0.254295532646	0.19587628866	0.120274914089	0.0378006872852	0.0171821305842	0.085910652921	0.13058419244	0.00343642611684	0.800687285223	0.584192439863]
C [0.103092783505	0.0	0.0274914089347	0.0	0.0618556701031	0.742268041237	0.0	0.0687285223368	0.0	0.161512027491]
G [0.230240549828	0.725085910653	0.797250859107	0.216494845361	0.800687285223	0.171821305842	0.0103092783505	0.893470790378	0.134020618557	0.113402061856]
T [0.412371134021	0.0790378006873	0.0549828178694	0.745704467354	0.120274914089	0.0	0.85910652921	0.0343642611684	0.0652920962199	0.14089347079]



MOTIF: 2 (348 sequences, width 11)

A [0.112068965517	0.0344827586207	0.508620689655	0.117816091954	0.014367816092	0.0114942528736	0.0172413793103	0.014367816092	0.0	0.00574712643678	0.793103448276]
C [0.00862068965517	0.123563218391	0.313218390805	0.0	0.98275862069	0.00574712643678	0.0258620689655	0.00287356321839	0.997126436782	0.974137931034	0.0431034482759]
G [0.827586206897	0.775862068966	0.00287356321839	0.844827586207	0.00287356321839	0.0	0.951149425287	0.00287356321839	0.0	0.00287356321839	0.0890804597701]
T [0.051724137931	0.066091954023	0.175287356322	0.0373563218391	0.0	0.98275862069	0.00574712643678	0.979885057471	0.00287356321839	0.0172413793103	0.0747126436782]



MOTIF: 3 (40 sequences, width 22)

A [0.05	0.0	0.025	1.0	0.0	0.05	1.0	0.0	0.0	0.425	0.1	0.225	0.375	0.1	0.1	0.15	0.175	0.15	0.025	0.1	1.0	0.0]
C [0.05	0.0	0.975	0.0	0.0	0.95	0.0	1.0	0.6	0.2	0.325	0.175	0.025	0.225	0.475	0.3	0.175	0.175	0.0	0.0	0.0	1.0]
G [0.0	0.0	0.0	0.0	1.0	0.0	0.0	0.0	0.025	0.175	0.475	0.4	0.45	0.45	0.15	0.225	0.5	0.125	0.975	0.9	0.0	0.0]
T [0.9	1.0	0.0	0.0	0.0	0.0	0.0	0.0	0.375	0.2	0.1	0.2	0.15	0.225	0.275	0.325	0.15	0.55	0.0	0.0	0.0	0.0]



MOTIF: 4 (1234 sequences, width 21)

A [0.170988654781	0.0850891410049	0.271474878444	0.138573743922	0.00243111831442	0.0	0.0397082658023	0.0340356564019	0.0	0.00243111831442	0.504051863857	0.182333873582	0.0461912479741	0.00162074554295	0.0	0.0705024311183	0.000810372771475	0.0	0.030794165316	0.809562398703	0.583468395462]
C [0.0283630470016	0.20340356564	0.465964343598	0.114262560778	0.957050243112	0.00486223662885	0.131280388979	0.0121555915721	0.987844408428	0.97244732577	0.0867098865478	0.114262560778	0.00729335494327	0.0	0.00162074554295	0.196920583468	0.991085899514	0.0	0.000810372771475	0.0794165316045	0.214748784441]
G [0.695299837925	0.561588330632	0.0210696920583	0.605348460292	0.00567260940032	0.0	0.82414910859	0.0794165316045	0.0	0.0032414910859	0.255267423015	0.119124797407	0.929497568882	0.998379254457	0.0	0.670988654781	0.0	0.0	0.957860615883	0.110210696921	0.0826580226904]
T [0.105348460292	0.149918962723	0.2414910859	0.141815235008	0.0348460291734	0.995137763371	0.00486223662885	0.874392220421	0.0121555915721	0.0218800648298	0.15397082658	0.584278768233	0.017017828201	0.0	0.998379254457	0.0615883306321	0.00810372771475	1.0	0.0105348460292	0.000810372771475	0.119124797407]



MOTIF: 5 (71 sequences, width 21)

A [0.0985915492958	0.0704225352113	0.112676056338	0.985915492958	0.0	0.267605633803	1.0	0.0	0.0422535211268	0.394366197183	0.0	0.0140845070423	0.0	0.985915492958	0.0	1.0	0.0	0.0140845070423	0.0281690140845	0.0	0.0985915492958]
C [0.0281690140845	0.422535211268	0.746478873239	0.0	0.0	0.197183098592	0.0	1.0	0.957746478873	0.30985915493	0.183098591549	0.0	0.0	0.0140845070423	0.380281690141	0.0	0.0	0.901408450704	0.0140845070423	1.0	0.887323943662]
G [0.492957746479	0.12676056338	0.0	0.0140845070423	0.971830985915	0.30985915493	0.0	0.0	0.0	0.0281690140845	0.0422535211268	0.985915492958	1.0	0.0	0.380281690141	0.0	1.0	0.0	0.0	0.0	0.0]
T [0.380281690141	0.380281690141	0.140845070423	0.0	0.0281690140845	0.225352112676	0.0	0.0	0.0	0.267605633803	0.774647887324	0.0	0.0	0.0	0.239436619718	0.0	0.0	0.0845070422535	0.957746478873	0.0	0.0140845070423]



MOTIF: 6 (88 sequences, width 21)

A [0.0	0.0	0.0	0.0	0.261363636364	0.352272727273	0.261363636364	0.227272727273	0.102272727273	0.0454545454545	0.0909090909091	0.0	0.238636363636	0.0	0.0	0.0227272727273	0.0	0.0	0.0	1.0	0.886363636364]
C [0.0	0.0113636363636	0.477272727273	0.943181818182	0.534090909091	0.409090909091	0.409090909091	0.477272727273	0.727272727273	0.375	0.477272727273	0.284090909091	0.0	0.0	0.0	0.0	1.0	0.0	0.0	0.0	0.0227272727273]
G [0.511363636364	0.465909090909	0.0	0.0	0.102272727273	0.102272727273	0.170454545455	0.181818181818	0.0795454545455	0.125	0.284090909091	0.113636363636	0.75	1.0	0.0	0.977272727273	0.0	0.0	1.0	0.0	0.0568181818182]
T [0.488636363636	0.522727272727	0.522727272727	0.0568181818182	0.102272727273	0.136363636364	0.159090909091	0.113636363636	0.0909090909091	0.454545454545	0.147727272727	0.602272727273	0.0113636363636	0.0	1.0	0.0	0.0	1.0	0.0	0.0	0.0340909090909]


