
Number of sequences: 2292
Number of modes: 9
Likelihood: 13675.6655578


MOTIF: 0 (31 sequences, width 15)

A [0.0	0.129032258065	0.41935483871	0.0967741935484	0.0	0.0	0.0	0.0	0.0	0.0	0.0322580645161	0.129032258065	0.0	0.161290322581	0.258064516129]
C [0.0	0.0	0.290322580645	0.0	1.0	0.0	0.0	0.0	1.0	0.903225806452	0.0967741935484	0.483870967742	0.322580645161	0.290322580645	0.290322580645]
G [1.0	0.741935483871	0.0	0.903225806452	0.0	0.0645161290323	0.967741935484	0.0	0.0	0.0645161290323	0.774193548387	0.0645161290323	0.451612903226	0.387096774194	0.129032258065]
T [0.0	0.129032258065	0.290322580645	0.0	0.0	0.935483870968	0.0322580645161	1.0	0.0	0.0322580645161	0.0967741935484	0.322580645161	0.225806451613	0.161290322581	0.322580645161]



MOTIF: 1 (225 sequences, width 10)

A [0.16	0.226666666667	0.0133333333333	0.0	0.0222222222222	0.0	0.0	0.0	0.955555555556	0.817777777778]
C [0.2	0.0	0.0	0.0	0.0355555555556	1.0	0.0	0.00888888888889	0.00444444444444	0.0444444444444]
G [0.111111111111	0.76	0.986666666667	0.0355555555556	0.924444444444	0.0	0.0	0.991111111111	0.04	0.04]
T [0.528888888889	0.0133333333333	0.0	0.964444444444	0.0177777777778	0.0	1.0	0.0	0.0	0.0977777777778]



MOTIF: 2 (1330 sequences, width 21)

A [0.163909774436	0.0751879699248	0.310526315789	0.131578947368	0.00300751879699	0.0	0.0496240601504	0.0315789473684	0.0	0.00225563909774	0.516541353383	0.188721804511	0.0436090225564	0.0015037593985	0.0	0.0924812030075	0.000751879699248	0.0	0.0390977443609	0.773684210526	0.560902255639]
C [0.0263157894737	0.195488721805	0.436090225564	0.103007518797	0.963909774436	0.0015037593985	0.141353383459	0.0105263157895	0.988721804511	0.973684210526	0.0812030075188	0.107518796992	0.00751879699248	0.0	0.000751879699248	0.202255639098	0.991729323308	0.0015037593985	0.000751879699248	0.081954887218	0.231578947368]
G [0.706766917293	0.588721804511	0.0210526315789	0.628571428571	0.00375939849624	0.0	0.804511278195	0.0729323308271	0.0	0.00300751879699	0.256390977444	0.127819548872	0.931578947368	0.990977443609	0.0	0.636090225564	0.0	0.0	0.942857142857	0.13007518797	0.087969924812]
T [0.103007518797	0.140601503759	0.232330827068	0.136842105263	0.0293233082707	0.998496240602	0.00451127819549	0.884962406015	0.0112781954887	0.0210526315789	0.145864661654	0.575939849624	0.0172932330827	0.00751879699248	0.999248120301	0.0691729323308	0.00751879699248	0.998496240602	0.0172932330827	0.0142857142857	0.11954887218]



MOTIF: 3 (98 sequences, width 25)

A [0.510204081633	0.122448979592	0.0	0.0	0.0204081632653	0.0	0.0	0.0102040816327	0.561224489796	0.0612244897959	0.255102040816	0.265306122449	0.132653061224	0.0918367346939	0.15306122449	0.234693877551	0.295918367347	0.0	0.0	0.0	0.0	0.0	0.0102040816327	0.959183673469	0.65306122449]
C [0.214285714286	0.030612244898	0.989795918367	0.0	0.0	0.0	0.959183673469	0.989795918367	0.132653061224	0.591836734694	0.408163265306	0.265306122449	0.489795918367	0.428571428571	0.377551020408	0.214285714286	0.0102040816327	0.0	0.0	0.0612244897959	1.0	0.0	0.0	0.0102040816327	0.122448979592]
G [0.030612244898	0.795918367347	0.0102040816327	0.0	0.979591836735	0.0	0.0	0.0	0.173469387755	0.173469387755	0.255102040816	0.275510204082	0.224489795918	0.234693877551	0.316326530612	0.204081632653	0.69387755102	1.0	0.0	0.897959183673	0.0	0.0	0.989795918367	0.0204081632653	0.0408163265306]
T [0.244897959184	0.0510204081633	0.0	1.0	0.0	1.0	0.0408163265306	0.0	0.132653061224	0.173469387755	0.0816326530612	0.19387755102	0.15306122449	0.244897959184	0.15306122449	0.34693877551	0.0	0.0	1.0	0.0408163265306	0.0	1.0	0.0	0.0102040816327	0.183673469388]



MOTIF: 4 (12 sequences, width 20)

A [0.0	0.166666666667	0.666666666667	0.0833333333333	0.25	0.916666666667	0.0	0.0	0.416666666667	0.0	0.166666666667	0.0	0.916666666667	0.0	0.916666666667	0.0	0.0	0.0	0.333333333333	0.0833333333333]
C [0.75	0.416666666667	0.0833333333333	0.0	0.5	0.0833333333333	0.916666666667	1.0	0.0	0.25	0.0	0.0	0.0	1.0	0.0	0.0	0.166666666667	0.0	0.333333333333	0.333333333333]
G [0.0833333333333	0.333333333333	0.25	0.833333333333	0.166666666667	0.0	0.0	0.0	0.0833333333333	0.0	0.833333333333	1.0	0.0	0.0	0.0833333333333	1.0	0.833333333333	1.0	0.333333333333	0.166666666667]
T [0.166666666667	0.0833333333333	0.0	0.0833333333333	0.0833333333333	0.0	0.0833333333333	0.0	0.5	0.75	0.0	0.0	0.0833333333333	0.0	0.0	0.0	0.0	0.0	0.0	0.416666666667]



MOTIF: 5 (225 sequences, width 14)

A [0.195555555556	0.0977777777778	0.0222222222222	0.484444444444	0.128888888889	0.0	0.0	0.00444444444444	0.00444444444444	0.0	0.00444444444444	0.982222222222	0.164444444444	0.124444444444]
C [0.0844444444444	0.00444444444444	0.146666666667	0.355555555556	0.0	1.0	0.0	0.0177777777778	0.0	1.0	0.995555555556	0.00888888888889	0.115555555556	0.591111111111]
G [0.528888888889	0.853333333333	0.768888888889	0.0	0.844444444444	0.0	0.00444444444444	0.977777777778	0.00444444444444	0.0	0.0	0.0	0.715555555556	0.124444444444]
T [0.191111111111	0.0444444444444	0.0622222222222	0.16	0.0266666666667	0.0	0.995555555556	0.0	0.991111111111	0.0	0.0	0.00888888888889	0.00444444444444	0.16]



MOTIF: 6 (194 sequences, width 15)

A [0.0927835051546	0.0360824742268	0.427835051546	0.103092783505	0.0	0.0	0.00515463917526	0.0154639175258	0.0	0.0	0.845360824742	0.412371134021	0.00515463917526	0.0	0.0]
C [0.0257731958763	0.242268041237	0.345360824742	0.0360824742268	0.989690721649	0.0	0.170103092784	0.0	0.994845360825	1.0	0.0515463917526	0.00515463917526	0.0	0.0	0.020618556701]
G [0.762886597938	0.618556701031	0.0	0.757731958763	0.0	0.0	0.819587628866	0.0154639175258	0.00515463917526	0.0	0.0618556701031	0.0670103092784	0.969072164948	0.994845360825	0.0]
T [0.118556701031	0.103092783505	0.226804123711	0.103092783505	0.0103092783505	1.0	0.00515463917526	0.969072164948	0.0	0.0	0.0412371134021	0.515463917526	0.0257731958763	0.00515463917526	0.979381443299]



MOTIF: 7 (158 sequences, width 10)

A [0.126582278481	0.0886075949367	0.417721518987	0.158227848101	0.240506329114	0.0379746835443	0.158227848101	0.215189873418	0.310126582278	0.0]
C [0.601265822785	0.879746835443	0.0506329113924	0.487341772152	0.101265822785	0.0506329113924	0.5	0.512658227848	0.291139240506	0.810126582278]
G [0.0696202531646	0.0	0.0	0.0	0.0	0.588607594937	0.0253164556962	0.0253164556962	0.00632911392405	0.0]
T [0.20253164557	0.0316455696203	0.53164556962	0.354430379747	0.658227848101	0.322784810127	0.316455696203	0.246835443038	0.392405063291	0.189873417722]



MOTIF: 8 (19 sequences, width 11)

A [0.0	0.0	0.0	0.0	0.0	1.0	0.105263157895	0.0	0.473684210526	0.0	0.0]
C [0.263157894737	0.947368421053	0.0	1.0	1.0	0.0	0.0	0.684210526316	0.0	0.947368421053	0.789473684211]
G [0.736842105263	0.0	0.157894736842	0.0	0.0	0.0	0.842105263158	0.315789473684	0.526315789474	0.0	0.0]
T [0.0	0.0526315789474	0.842105263158	0.0	0.0	0.0	0.0526315789474	0.0	0.0	0.0526315789474	0.210526315789]


