
Number of sequences: 1000
Number of modes: 6
Likelihood: -676.921936585


MOTIF: 0 (365 sequences, width 8)

A [0.293150684932	0.0	0.0	0.0	0.4	0.0	0.0	0.0027397260274]
C [0.0	0.0	0.0	0.0027397260274	0.6	0.265753424658	0.00821917808219	0.27397260274]
G [0.706849315068	0.315068493151	0.287671232877	0.287671232877	0.0	0.224657534247	0.345205479452	0.38904109589]
T [0.0	0.684931506849	0.712328767123	0.709589041096	0.0	0.509589041096	0.646575342466	0.334246575342]



MOTIF: 1 (68 sequences, width 8)

A [0.0	0.382352941176	0.455882352941	0.514705882353	0.75	0.161764705882	0.985294117647	0.0]
C [0.0	0.0	0.0	0.0147058823529	0.0	0.838235294118	0.0	0.264705882353]
G [0.985294117647	0.617647058824	0.5	0.455882352941	0.0	0.0	0.0147058823529	0.735294117647]
T [0.0147058823529	0.0	0.0441176470588	0.0147058823529	0.25	0.0	0.0	0.0]



MOTIF: 2 (144 sequences, width 8)

A [0.354166666667	0.0	0.0	0.520833333333	0.0	0.201388888889	0.0	0.902777777778]
C [0.381944444444	0.0	0.0	0.0486111111111	0.0	0.0902777777778	0.652777777778	0.0486111111111]
G [0.263888888889	0.715277777778	0.0138888888889	0.131944444444	1.0	0.194444444444	0.319444444444	0.0]
T [0.0	0.284722222222	0.986111111111	0.298611111111	0.0	0.513888888889	0.0277777777778	0.0486111111111]



MOTIF: 3 (206 sequences, width 8)

A [0.446601941748	0.0	0.0	0.0	0.0	0.242718446602	0.26213592233	0.233009708738]
C [0.0	0.0	1.0	0.0	0.830097087379	0.247572815534	0.28640776699	0.111650485437]
G [0.266990291262	0.0	0.0	1.0	0.0	0.0	0.296116504854	0.160194174757]
T [0.28640776699	1.0	0.0	0.0	0.169902912621	0.509708737864	0.155339805825	0.495145631068]



MOTIF: 4 (216 sequences, width 8)

A [0.273148148148	0.00462962962963	1.0	0.00462962962963	0.564814814815	0.12962962963	0.166666666667	0.125]
C [0.37962962963	0.990740740741	0.0	0.0	0.166666666667	0.0	0.0	0.0509259259259]
G [0.199074074074	0.0	0.0	0.143518518519	0.0	0.87037037037	0.490740740741	0.37962962963]
T [0.148148148148	0.00462962962963	0.0	0.851851851852	0.268518518519	0.0	0.342592592593	0.444444444444]



MOTIF: 5 (1 sequences, width 11)

A [1.0	0.0	0.0	0.0	0.0	0.0	0.0	1.0	1.0	1.0	0.0]
C [0.0	0.0	0.0	0.0	0.0	1.0	0.0	0.0	0.0	0.0	0.0]
G [0.0	1.0	0.0	0.0	1.0	0.0	0.0	0.0	0.0	0.0	0.0]
T [0.0	0.0	1.0	1.0	0.0	0.0	1.0	0.0	0.0	0.0	1.0]


