
Number of sequences: 1000
Number of modes: 7
Likelihood: -683.974699832


MOTIF: 0 (243 sequences, width 8)

A [0.40329218107	0.139917695473	0.139917695473	0.0	0.0	0.0	0.148148148148	0.255144032922]
C [0.0	0.0288065843621	0.510288065844	0.0082304526749	0.0	0.674897119342	0.695473251029	0.181069958848]
G [0.0	0.460905349794	0.131687242798	0.991769547325	0.0	0.139917695473	0.0082304526749	0.0]
T [0.59670781893	0.37037037037	0.218106995885	0.0	1.0	0.185185185185	0.148148148148	0.56378600823]



MOTIF: 1 (80 sequences, width 8)

A [0.0375	0.0	0.15	0.0	0.5875	0.0	0.5625	0.25]
C [0.0	1.0	0.2375	1.0	0.0	0.0375	0.1125	0.1625]
G [0.0	0.0	0.5375	0.0	0.0375	0.05	0.0	0.5875]
T [0.9625	0.0	0.075	0.0	0.375	0.9125	0.325	0.0]



MOTIF: 2 (30 sequences, width 8)

A [0.0	0.0	0.0	0.366666666667	0.0	0.4	0.966666666667	0.0]
C [0.0	0.0	0.0333333333333	0.0	0.0	0.433333333333	0.0	0.566666666667]
G [1.0	0.166666666667	0.0666666666667	0.633333333333	0.633333333333	0.166666666667	0.0	0.0]
T [0.0	0.833333333333	0.9	0.0	0.366666666667	0.0	0.0333333333333	0.433333333333]



MOTIF: 3 (207 sequences, width 8)

A [0.0434782608696	0.48309178744	0.0	0.0	0.0	0.599033816425	0.149758454106	0.473429951691]
C [0.294685990338	0.0	0.0	0.584541062802	0.541062801932	0.0	0.0	0.00966183574879]
G [0.0	0.0	1.0	0.169082125604	0.458937198068	0.400966183575	0.36231884058	0.0]
T [0.661835748792	0.51690821256	0.0	0.246376811594	0.0	0.0	0.487922705314	0.51690821256]



MOTIF: 4 (269 sequences, width 8)

A [0.412639405204	0.0	0.0	0.237918215613	0.0	0.0	0.0	0.092936802974]
C [0.334572490706	1.0	0.0	0.144981412639	0.167286245353	0.364312267658	0.304832713755	0.234200743494]
G [0.0111524163569	0.0	0.0	0.368029739777	0.189591078067	0.635687732342	0.695167286245	0.0]
T [0.241635687732	0.0	1.0	0.24907063197	0.64312267658	0.0	0.0	0.672862453532]



MOTIF: 5 (165 sequences, width 8)

A [0.145454545455	0.00606060606061	0.00606060606061	0.0	0.406060606061	0.0	0.0181818181818	0.0]
C [0.0	0.00606060606061	0.0	0.0	0.587878787879	0.157575757576	0.133333333333	0.187878787879]
G [0.854545454545	0.248484848485	0.321212121212	0.115151515152	0.00606060606061	0.0181818181818	0.0484848484848	0.49696969697]
T [0.0	0.739393939394	0.672727272727	0.884848484848	0.0	0.824242424242	0.8	0.315151515152]



MOTIF: 6 (6 sequences, width 8)

A [0.0	0.0	0.0	0.0	0.666666666667	0.0	0.0	0.0]
C [0.0	0.0	0.0	1.0	0.0	0.0	0.0	1.0]
G [1.0	1.0	1.0	0.0	0.0	1.0	0.0	0.0]
T [0.0	0.0	0.0	0.0	0.333333333333	0.0	1.0	0.0]


