
Number of sequences: 1000
Number of modes: 6
Likelihood: -751.010965281


MOTIF: 0 (182 sequences, width 8)

A [0.032967032967	0.0274725274725	0.120879120879	0.0	0.351648351648	0.0	0.236263736264	0.0]
C [0.00549450549451	0.912087912088	0.318681318681	0.412087912088	0.0	0.00549450549451	0.412087912088	0.0]
G [0.0	0.0164835164835	0.532967032967	0.0	0.0	0.571428571429	0.0	0.807692307692]
T [0.961538461538	0.043956043956	0.0274725274725	0.587912087912	0.648351648352	0.423076923077	0.351648351648	0.192307692308]



MOTIF: 1 (1 sequences, width 11)

A [0.0	1.0	0.0	0.0	0.0	0.0	1.0	0.0	0.0	0.0	1.0]
C [0.0	0.0	0.0	1.0	1.0	0.0	0.0	0.0	0.0	1.0	0.0]
G [0.0	0.0	0.0	0.0	0.0	0.0	0.0	1.0	1.0	0.0	0.0]
T [1.0	0.0	1.0	0.0	0.0	1.0	0.0	0.0	0.0	0.0	0.0]



MOTIF: 2 (401 sequences, width 8)

A [0.43391521197	0.0	0.366583541147	0.284289276808	0.0	0.0	0.0	0.00249376558603]
C [0.319201995012	1.0	0.0	0.172069825436	0.411471321696	0.463840399002	0.306733167082	0.413965087282]
G [0.0	0.0	0.0	0.279301745636	0.0	0.511221945137	0.693266832918	0.0]
T [0.246882793017	0.0	0.633416458853	0.26433915212	0.588528678304	0.0249376558603	0.0	0.583541147132]



MOTIF: 3 (129 sequences, width 8)

A [0.0	0.077519379845	0.0077519379845	0.162790697674	0.0	0.015503875969	0.0232558139535	0.767441860465]
C [0.093023255814	0.100775193798	0.0	0.0	0.759689922481	0.348837209302	0.961240310078	0.0]
G [0.0	0.542635658915	0.565891472868	0.0	0.232558139535	0.255813953488	0.0	0.031007751938]
T [0.906976744186	0.279069767442	0.426356589147	0.837209302326	0.0077519379845	0.37984496124	0.015503875969	0.201550387597]



MOTIF: 4 (4 sequences, width 11)

A [0.5	0.0	1.0	0.0	0.0	0.0	0.25	0.0	0.0	1.0	0.75]
C [0.25	0.0	0.0	0.0	1.0	0.0	0.25	0.0	0.0	0.0	0.25]
G [0.0	0.75	0.0	0.0	0.0	0.5	0.25	0.0	0.75	0.0	0.0]
T [0.25	0.25	0.0	1.0	0.0	0.5	0.25	1.0	0.25	0.0	0.0]



MOTIF: 5 (283 sequences, width 8)

A [0.00353356890459	0.229681978799	0.0	0.0	0.533568904594	0.0	0.0	0.00706713780919]
C [0.166077738516	0.0	0.0	0.017667844523	0.455830388693	0.16961130742	0.0141342756184	0.222614840989]
G [0.731448763251	0.321554770318	0.17667844523	0.0	0.0106007067138	0.0848056537102	0.381625441696	0.356890459364]
T [0.0989399293286	0.448763250883	0.82332155477	0.982332155477	0.0	0.745583038869	0.604240282686	0.413427561837]


