
Number of sequences: 2292
Number of modes: 8
Likelihood: 13472.3933263


MOTIF: 0 (212 sequences, width 20)

A [0.0566037735849	0.0754716981132	0.985849056604	0.0424528301887	0.165094339623	1.0	0.0518867924528	0.0283018867925	0.495283018868	0.0896226415094	0.00943396226415	0.0	0.985849056604	0.0	1.0	0.0	0.0	0.0518867924528	0.0	0.0754716981132]
C [0.254716981132	0.853773584906	0.00943396226415	0.0	0.367924528302	0.0	0.948113207547	0.905660377358	0.240566037736	0.278301886792	0.0188679245283	0.0	0.00943396226415	0.537735849057	0.0	0.0	0.891509433962	0.00943396226415	0.995283018868	0.825471698113]
G [0.0943396226415	0.00471698113208	0.00471698113208	0.948113207547	0.259433962264	0.0	0.0	0.0141509433962	0.0188679245283	0.0330188679245	0.971698113208	1.0	0.0	0.301886792453	0.0	0.990566037736	0.00471698113208	0.0	0.00471698113208	0.0]
T [0.594339622642	0.0660377358491	0.0	0.00943396226415	0.207547169811	0.0	0.0	0.0518867924528	0.245283018868	0.599056603774	0.0	0.0	0.00471698113208	0.160377358491	0.0	0.00943396226415	0.103773584906	0.938679245283	0.0	0.0990566037736]



MOTIF: 1 (205 sequences, width 9)

A [0.156097560976	0.107317073171	0.0146341463415	0.482926829268	0.0	0.117073170732	0.278048780488	0.107317073171	0.00975609756098]
C [0.253658536585	0.19512195122	0.858536585366	0.00975609756098	0.248780487805	0.736585365854	0.390243902439	0.419512195122	0.868292682927]
G [0.312195121951	0.00487804878049	0.0	0.0	0.536585365854	0.019512195122	0.0	0.0	0.0536585365854]
T [0.278048780488	0.692682926829	0.126829268293	0.507317073171	0.214634146341	0.126829268293	0.331707317073	0.473170731707	0.0682926829268]



MOTIF: 2 (207 sequences, width 18)

A [0.202898550725	0.130434782609	0.0338164251208	0.342995169082	0.0917874396135	0.0	0.0	0.0	0.0144927536232	0.0	0.0	0.864734299517	0.405797101449	0.00966183574879	0.0	0.0	0.338164251208	0.0821256038647]
C [0.0821256038647	0.0386473429952	0.265700483092	0.400966183575	0.0676328502415	0.990338164251	0.0	0.140096618357	0.0	0.995169082126	0.995169082126	0.0386473429952	0.0144927536232	0.0	0.0	0.0193236714976	0.227053140097	0.579710144928]
G [0.487922705314	0.719806763285	0.565217391304	0.0	0.714975845411	0.0	0.0	0.855072463768	0.00966183574879	0.0048309178744	0.0	0.0628019323671	0.0628019323671	0.971014492754	1.0	0.0	0.371980676329	0.188405797101]
T [0.227053140097	0.111111111111	0.135265700483	0.256038647343	0.125603864734	0.00966183574879	1.0	0.0048309178744	0.975845410628	0.0	0.0048309178744	0.0338164251208	0.51690821256	0.0193236714976	0.0	0.980676328502	0.0628019323671	0.149758454106]



MOTIF: 3 (1121 sequences, width 21)

A [0.107047279215	0.0	0.00892060660125	1.0	0.00535236396075	0.0535236396075	0.99732381802	0.0	0.0169491525424	0.590544157003	0.156110615522	0.0231935771632	0.0133809099019	0.863514719001	0.00535236396075	0.993755575379	0.0374665477252	0.155218554862	0.257805530776	0.160570918822	0.106155218555]
C [0.0695807314897	0.103479036574	0.961641391615	0.0	0.0	0.685994647636	0.0	0.99821587868	0.934879571811	0.105263157895	0.253345227475	0.0	0.0	0.0874219446922	0.85727029438	0.0	0.00624442462087	0.580731489741	0.0223015165031	0.522747546833	0.689562890277]
G [0.21320249777	0.0802854594112	0.00178412132025	0.0	0.992863514719	0.190008920607	0.00178412132025	0.0	0.00535236396075	0.124888492417	0.0936663693131	0.974130240856	0.986619090098	0.0124888492417	0.109723461195	0.00624442462087	0.954504906334	0.126672613738	0.512934879572	0.223907225691	0.0303300624442]
T [0.610169491525	0.816235504014	0.0276538804639	0.0	0.00178412132025	0.0704727921499	0.000892060660125	0.00178412132025	0.042818911686	0.179304192685	0.49687778769	0.00267618198037	0.0	0.0365744870651	0.0276538804639	0.0	0.00178412132025	0.137377341659	0.206958073149	0.092774308653	0.173951828724]



MOTIF: 4 (212 sequences, width 18)

A [0.103773584906	0.292452830189	0.22641509434	0.183962264151	0.183962264151	0.122641509434	0.0188679245283	0.0141509433962	0.0	0.00471698113208	0.995283018868	0.0	0.995283018868	0.0	0.0283018867925	0.13679245283	0.0849056603774	0.0471698113208]
C [0.349056603774	0.334905660377	0.212264150943	0.334905660377	0.22641509434	0.146226415094	0.740566037736	0.0377358490566	0.0	0.0	0.0	0.971698113208	0.00471698113208	0.0	0.877358490566	0.0	0.759433962264	0.844339622642]
G [0.254716981132	0.264150943396	0.457547169811	0.367924528302	0.207547169811	0.608490566038	0.0990566037736	0.00471698113208	1.0	0.995283018868	0.0	0.0235849056604	0.0	0.985849056604	0.0	0.367924528302	0.150943396226	0.0]
T [0.292452830189	0.108490566038	0.103773584906	0.11320754717	0.382075471698	0.122641509434	0.141509433962	0.943396226415	0.0	0.0	0.00471698113208	0.00471698113208	0.0	0.0141509433962	0.0943396226415	0.495283018868	0.00471698113208	0.108490566038]



MOTIF: 5 (1 sequences, width 21)

A [0.0	0.0	0.0	0.0	0.0	0.0	0.0	0.0	0.0	0.0	0.0	0.0	0.0	0.0	0.0	0.0	0.0	0.0	0.0	0.0	0.0]
C [0.0	0.0	0.0	0.0	1.0	0.0	0.0	0.0	1.0	1.0	1.0	0.0	1.0	0.0	0.0	1.0	1.0	0.0	0.0	0.0	0.0]
G [1.0	0.0	0.0	1.0	0.0	0.0	1.0	0.0	0.0	0.0	0.0	1.0	0.0	1.0	0.0	0.0	0.0	0.0	1.0	1.0	0.0]
T [0.0	1.0	1.0	0.0	0.0	1.0	0.0	1.0	0.0	0.0	0.0	0.0	0.0	0.0	1.0	0.0	0.0	1.0	0.0	0.0	1.0]



MOTIF: 6 (99 sequences, width 22)

A [0.171717171717	0.010101010101	0.0	1.0	0.0	0.0505050505051	0.989898989899	0.0	0.020202020202	0.353535353535	0.121212121212	0.242424242424	0.141414141414	0.20202020202	0.10101010101	0.151515151515	0.121212121212	0.0	0.0505050505051	1.0	0.0	1.0]
C [0.040404040404	0.0	0.989898989899	0.0	0.0	0.89898989899	0.010101010101	1.0	0.686868686869	0.181818181818	0.343434343434	0.242424242424	0.212121212121	0.262626262626	0.252525252525	0.171717171717	0.161616161616	0.0	0.0	0.0	0.989898989899	0.0]
G [0.131313131313	0.010101010101	0.0	0.0	1.0	0.0505050505051	0.0	0.0	0.010101010101	0.232323232323	0.363636363636	0.424242424242	0.515151515152	0.262626262626	0.434343434343	0.606060606061	0.121212121212	0.979797979798	0.949494949495	0.0	0.0	0.0]
T [0.656565656566	0.979797979798	0.010101010101	0.0	0.0	0.0	0.0	0.0	0.282828282828	0.232323232323	0.171717171717	0.0909090909091	0.131313131313	0.272727272727	0.212121212121	0.0707070707071	0.59595959596	0.020202020202	0.0	0.0	0.010101010101	0.0]



MOTIF: 7 (235 sequences, width 9)

A [0.234042553191	0.0	0.0	0.0212765957447	0.0	0.0	0.0	0.944680851064	0.876595744681]
C [0.0	0.0	0.0	0.0382978723404	0.995744680851	0.0	0.00851063829787	0.0	0.00851063829787]
G [0.748936170213	1.0	0.0	0.927659574468	0.00425531914894	0.0	0.991489361702	0.0553191489362	0.0297872340426]
T [0.0170212765957	0.0	1.0	0.0127659574468	0.0	1.0	0.0	0.0	0.0851063829787]


