
Number of sequences: 2292
Number of modes: 8
Likelihood: 13193.2913433


MOTIF: 0 (183 sequences, width 15)

A [0.114754098361	0.0273224043716	0.398907103825	0.0874316939891	0.0	0.0	0.00546448087432	0.016393442623	0.0	0.0	0.874316939891	0.415300546448	0.0	0.0	0.0]
C [0.0382513661202	0.262295081967	0.371584699454	0.0765027322404	0.994535519126	0.0	0.169398907104	0.0	0.994535519126	1.0	0.0437158469945	0.0	0.0	0.0	0.016393442623]
G [0.748633879781	0.601092896175	0.0	0.726775956284	0.0	0.0	0.819672131148	0.0109289617486	0.00546448087432	0.0	0.0327868852459	0.0327868852459	0.983606557377	0.994535519126	0.0]
T [0.0983606557377	0.109289617486	0.229508196721	0.109289617486	0.00546448087432	1.0	0.00546448087432	0.972677595628	0.0	0.0	0.0491803278689	0.551912568306	0.016393442623	0.00546448087432	0.983606557377]



MOTIF: 1 (191 sequences, width 13)

A [0.141361256545	0.0	0.659685863874	0.120418848168	0.0	0.0	0.0104712041885	0.0104712041885	0.0	0.0	0.979057591623	0.0837696335079	0.125654450262]
C [0.0	0.0418848167539	0.20942408377	0.0	1.0	0.00523560209424	0.0261780104712	0.0	0.994764397906	1.0	0.0	0.178010471204	0.643979057592]
G [0.806282722513	0.958115183246	0.0	0.86387434555	0.0	0.0	0.96335078534	0.00523560209424	0.0	0.0	0.0	0.712041884817	0.0837696335079]
T [0.0523560209424	0.0	0.130890052356	0.0157068062827	0.0	0.994764397906	0.0	0.984293193717	0.00523560209424	0.0	0.020942408377	0.0261780104712	0.146596858639]



MOTIF: 2 (161 sequences, width 21)

A [0.0	0.0	0.0	0.173913043478	0.229813664596	0.285714285714	0.23602484472	0.204968944099	0.136645962733	0.105590062112	0.055900621118	0.155279503106	0.198757763975	0.0	0.0	0.0186335403727	0.0	0.0	0.0	0.975155279503	0.850931677019]
C [0.00621118012422	0.248447204969	0.652173913043	0.714285714286	0.527950310559	0.409937888199	0.285714285714	0.465838509317	0.55900621118	0.391304347826	0.521739130435	0.167701863354	0.0	0.0	0.0	0.0	1.0	0.0	0.0	0.0	0.0496894409938]
G [0.478260869565	0.32298136646	0.0	0.0434782608696	0.124223602484	0.173913043478	0.329192546584	0.223602484472	0.16149068323	0.186335403727	0.32298136646	0.11801242236	0.801242236025	1.0	0.0	0.95652173913	0.0	0.0	1.0	0.0248447204969	0.0372670807453]
T [0.515527950311	0.428571428571	0.347826086957	0.0683229813665	0.11801242236	0.130434782609	0.149068322981	0.105590062112	0.142857142857	0.316770186335	0.0993788819876	0.55900621118	0.0	0.0	1.0	0.0248447204969	0.0	1.0	0.0	0.0	0.0621118012422]



MOTIF: 3 (125 sequences, width 12)

A [0.232	0.024	0.112	0.2	0.12	0.008	0.032	0.008	0.008	0.0	0.04	0.584]
C [0.016	0.016	0.304	0.544	0.0	0.976	0.008	0.0	0.0	1.0	0.936	0.072]
G [0.448	0.92	0.344	0.0	0.792	0.016	0.008	0.976	0.0	0.0	0.008	0.248]
T [0.304	0.04	0.24	0.256	0.088	0.0	0.952	0.016	0.992	0.0	0.016	0.096]



MOTIF: 4 (16 sequences, width 18)

A [0.4375	0.0	0.0	1.0	0.0	0.0	0.0	0.0	0.0625	0.0625	1.0	0.0	1.0	0.0	0.0	0.125	0.0	0.125]
C [0.0	0.0625	0.625	0.0	1.0	0.9375	0.3125	0.5625	0.0	0.0	0.0	1.0	0.0	0.0	0.875	0.0	0.8125	0.875]
G [0.5625	0.9375	0.0	0.0	0.0	0.0	0.3125	0.0625	0.9375	0.9375	0.0	0.0	0.0	1.0	0.0	0.4375	0.0	0.0]
T [0.0	0.0	0.375	0.0	0.0	0.0625	0.375	0.375	0.0	0.0	0.0	0.0	0.0	0.0	0.125	0.4375	0.1875	0.0]



MOTIF: 5 (1312 sequences, width 21)

A [0.162347560976	0.0739329268293	0.319359756098	0.134146341463	0.00228658536585	0.0	0.0510670731707	0.032012195122	0.0	0.00228658536585	0.516768292683	0.189786585366	0.0434451219512	0.0015243902439	0.000762195121951	0.092987804878	0.0030487804878	0.0	0.0403963414634	0.770579268293	0.557926829268]
C [0.0266768292683	0.19512195122	0.42987804878	0.0861280487805	0.982469512195	0.0	0.141768292683	0.0114329268293	0.988567073171	0.974085365854	0.0830792682927	0.108993902439	0.00685975609756	0.0	0.000762195121951	0.199695121951	0.989329268293	0.000762195121951	0.0015243902439	0.0823170731707	0.232469512195]
G [0.708079268293	0.590701219512	0.0213414634146	0.641006097561	0.00457317073171	0.0	0.802591463415	0.0716463414634	0.0	0.0030487804878	0.258384146341	0.130335365854	0.930640243902	0.990853658537	0.0	0.634908536585	0.0	0.0	0.939024390244	0.131097560976	0.0876524390244]
T [0.102896341463	0.140243902439	0.229420731707	0.138719512195	0.0106707317073	1.0	0.00457317073171	0.884908536585	0.0114329268293	0.0205792682927	0.141768292683	0.570884146341	0.0190548780488	0.00762195121951	0.998475609756	0.0724085365854	0.00762195121951	0.999237804878	0.0190548780488	0.016006097561	0.121951219512]



MOTIF: 6 (33 sequences, width 21)

A [0.0606060606061	0.0	0.0	1.0	0.0	0.0	1.0	0.0	0.0	0.818181818182	0.181818181818	0.0	0.0	0.878787878788	0.0	0.818181818182	0.878787878788	0.030303030303	0.363636363636	0.212121212121	0.0606060606061]
C [0.121212121212	0.0909090909091	1.0	0.0	0.0	0.545454545455	0.0	1.0	1.0	0.0606060606061	0.0606060606061	0.0	0.0	0.121212121212	0.909090909091	0.030303030303	0.030303030303	0.0	0.0	0.424242424242	0.757575757576]
G [0.151515151515	0.030303030303	0.0	0.0	1.0	0.393939393939	0.0	0.0	0.0	0.0	0.0	1.0	1.0	0.0	0.0909090909091	0.151515151515	0.030303030303	0.909090909091	0.545454545455	0.151515151515	0.0]
T [0.666666666667	0.878787878788	0.0	0.0	0.0	0.0606060606061	0.0	0.0	0.0	0.121212121212	0.757575757576	0.0	0.0	0.0	0.0	0.0	0.0606060606061	0.0606060606061	0.0909090909091	0.212121212121	0.181818181818]



MOTIF: 7 (271 sequences, width 9)

A [0.247232472325	0.132841328413	0.0479704797048	0.0221402214022	0.10332103321	0.143911439114	0.00369003690037	0.756457564576	0.560885608856]
C [0.0	0.0221402214022	0.0	0.0848708487085	0.69741697417	0.0	0.029520295203	0.0	0.162361623616]
G [0.656826568266	0.80442804428	0.243542435424	0.80442804428	0.19557195572	0.0221402214022	0.918819188192	0.140221402214	0.125461254613]
T [0.0959409594096	0.0405904059041	0.708487084871	0.0885608856089	0.00369003690037	0.833948339483	0.0479704797048	0.10332103321	0.151291512915]


