
Number of sequences: 1000
Number of modes: 8
Likelihood: -578.66136626


MOTIF: 0 (118 sequences, width 8)

A [0.0	0.00847457627119	0.00847457627119	0.474576271186	0.0	0.0	0.00847457627119	0.0762711864407]
C [0.0423728813559	0.372881355932	0.559322033898	0.525423728814	0.0	0.279661016949	0.0423728813559	0.364406779661]
G [0.161016949153	0.00847457627119	0.00847457627119	0.0	0.0	0.0169491525424	0.898305084746	0.559322033898]
T [0.796610169492	0.610169491525	0.423728813559	0.0	1.0	0.703389830508	0.0508474576271	0.0]



MOTIF: 1 (66 sequences, width 9)

A [0.363636363636	0.181818181818	0.0151515151515	0.0	0.0151515151515	0.909090909091	0.136363636364	0.772727272727	0.0]
C [0.0	0.0454545454545	0.030303030303	0.0	0.0	0.0909090909091	0.181818181818	0.121212121212	0.530303030303]
G [0.424242424242	0.0	0.954545454545	0.0	0.151515151515	0.0	0.0	0.0606060606061	0.469696969697]
T [0.212121212121	0.772727272727	0.0	1.0	0.833333333333	0.0	0.681818181818	0.0454545454545	0.0]



MOTIF: 2 (169 sequences, width 8)

A [0.0236686390533	0.0	0.426035502959	0.0	0.0	0.556213017751	0.0	0.0118343195266]
C [0.289940828402	0.295857988166	0.0236686390533	0.112426035503	0.00591715976331	0.437869822485	0.639053254438	0.14201183432]
G [0.0177514792899	0.704142011834	0.0	0.0	0.0	0.0	0.0769230769231	0.177514792899]
T [0.668639053254	0.0	0.550295857988	0.887573964497	0.994082840237	0.00591715976331	0.284023668639	0.668639053254]



MOTIF: 3 (122 sequences, width 8)

A [0.606557377049	0.0819672131148	0.147540983607	0.622950819672	0.0	0.229508196721	0.139344262295	0.0]
C [0.0	0.909836065574	0.0737704918033	0.327868852459	0.647540983607	0.188524590164	0.0	0.00819672131148]
G [0.016393442623	0.00819672131148	0.172131147541	0.0	0.344262295082	0.532786885246	0.860655737705	0.0]
T [0.377049180328	0.0	0.606557377049	0.0491803278689	0.00819672131148	0.0491803278689	0.0	0.991803278689]



MOTIF: 4 (100 sequences, width 8)

A [0.0	0.48	0.0	0.02	0.2	0.0	0.0	0.0]
C [0.12	0.0	0.0	0.02	0.0	1.0	0.0	0.0]
G [0.67	0.5	0.66	0.64	0.43	0.0	0.0	0.17]
T [0.21	0.02	0.34	0.32	0.37	0.0	1.0	0.83]



MOTIF: 5 (106 sequences, width 8)

A [0.0377358490566	0.141509433962	0.0660377358491	0.283018867925	0.0	0.0	0.0	0.188679245283]
C [0.566037735849	0.0	0.0	0.0	0.0	0.198113207547	1.0	0.811320754717]
G [0.0	0.481132075472	0.745283018868	0.254716981132	1.0	0.0	0.0	0.0]
T [0.396226415094	0.377358490566	0.188679245283	0.462264150943	0.0	0.801886792453	0.0	0.0]



MOTIF: 6 (164 sequences, width 8)

A [0.0182926829268	0.44512195122	0.0	0.0	0.0	0.475609756098	0.0	0.335365853659]
C [0.487804878049	0.0	0.0	0.621951219512	0.481707317073	0.00609756097561	0.134146341463	0.0]
G [0.134146341463	0.0	0.993902439024	0.0609756097561	0.518292682927	0.518292682927	0.0	0.0]
T [0.359756097561	0.55487804878	0.00609756097561	0.317073170732	0.0	0.0	0.865853658537	0.664634146341]



MOTIF: 7 (155 sequences, width 8)

A [0.00645161290323	0.438709677419	0.0	0.0	0.541935483871	0.129032258065	0.0451612903226	1.0]
C [0.167741935484	0.0	0.38064516129	0.0	0.0645161290323	0.238709677419	0.0322580645161	0.0]
G [0.0	0.554838709677	0.348387096774	1.0	0.335483870968	0.632258064516	0.58064516129	0.0]
T [0.825806451613	0.00645161290323	0.270967741935	0.0	0.058064516129	0.0	0.341935483871	0.0]


