
Number of sequences: 1000
Number of modes: 6
Likelihood: -764.230380463


MOTIF: 0 (310 sequences, width 8)

A [0.0	0.0	0.483870967742	0.0	0.0	0.0	0.0	0.329032258065]
C [0.0	0.0	0.516129032258	0.0	0.135483870968	0.116129032258	0.367741935484	0.0]
G [0.348387096774	0.296774193548	0.0	0.335483870968	0.470967741935	0.390322580645	0.629032258065	0.0]
T [0.651612903226	0.703225806452	0.0	0.664516129032	0.393548387097	0.493548387097	0.00322580645161	0.670967741935]



MOTIF: 1 (189 sequences, width 8)

A [0.0740740740741	0.021164021164	0.0	0.0	0.0	0.470899470899	0.0	0.00529100529101]
C [0.497354497354	0.349206349206	0.0	0.0	0.248677248677	0.529100529101	0.481481481481	0.37037037037]
G [0.010582010582	0.624338624339	0.0	0.0	0.0899470899471	0.0	0.0	0.174603174603]
T [0.417989417989	0.00529100529101	1.0	1.0	0.661375661376	0.0	0.518518518519	0.449735449735]



MOTIF: 2 (332 sequences, width 7)

A [0.5	0.0	0.0542168674699	0.406626506024	0.0	0.0	0.0572289156627]
C [0.280120481928	0.885542168675	0.0	0.0	0.16265060241	0.174698795181	0.322289156627]
G [0.0150602409639	0.0512048192771	0.135542168675	0.539156626506	0.0	0.825301204819	0.620481927711]
T [0.204819277108	0.0632530120482	0.810240963855	0.0542168674699	0.83734939759	0.0	0.0]



MOTIF: 3 (0 sequences, width 0)


MOTIF: 4 (0 sequences, width 0)


MOTIF: 5 (169 sequences, width 8)

A [0.544378698225	0.0	0.0	0.0	0.597633136095	0.278106508876	0.491124260355	0.313609467456]
C [0.0	0.0	1.0	0.0	0.0	0.260355029586	0.0	0.242603550296]
G [0.0	1.0	0.0	1.0	0.396449704142	0.147928994083	0.0650887573964	0.378698224852]
T [0.455621301775	0.0	0.0	0.0	0.00591715976331	0.313609467456	0.443786982249	0.0650887573964]


