
Number of sequences: 2292
Number of modes: 7
Likelihood: 13145.098319


MOTIF: 0 (259 sequences, width 8)

A [0.0733590733591	0.027027027027	0.745173745174	0.011583011583	0.11583011583	0.629343629344	0.104247104247	0.0849420849421]
C [0.0772200772201	0.830115830116	0.003861003861	0.216216216216	0.833976833977	0.258687258687	0.733590733591	0.69111969112]
G [0.003861003861	0.142857142857	0.0	0.675675675676	0.034749034749	0.0	0.0	0.0]
T [0.84555984556	0.0	0.250965250965	0.0965250965251	0.015444015444	0.111969111969	0.162162162162	0.223938223938]



MOTIF: 1 (108 sequences, width 19)

A [0.157407407407	0.00925925925926	0.0277777777778	0.546296296296	0.0555555555556	0.0	0.0	0.0833333333333	0.00925925925926	0.0	0.0	0.731481481481	0.37037037037	0.00925925925926	0.0	0.0	0.388888888889	0.0740740740741	0.0]
C [0.0	0.0185185185185	0.222222222222	0.166666666667	0.0	0.990740740741	0.0	0.203703703704	0.0	0.990740740741	0.972222222222	0.0740740740741	0.00925925925926	0.0185185185185	0.0	0.0	0.324074074074	0.759259259259	0.203703703704]
G [0.564814814815	0.87037037037	0.685185185185	0.0	0.944444444444	0.0	0.0	0.703703703704	0.037037037037	0.0	0.00925925925926	0.138888888889	0.175925925926	0.972222222222	1.0	0.0	0.287037037037	0.037037037037	0.138888888889]
T [0.277777777778	0.101851851852	0.0648148148148	0.287037037037	0.0	0.00925925925926	1.0	0.00925925925926	0.953703703704	0.00925925925926	0.0185185185185	0.0555555555556	0.444444444444	0.0	0.0	1.0	0.0	0.12962962963	0.657407407407]



MOTIF: 2 (19 sequences, width 21)

A [0.0526315789474	0.0	0.947368421053	0.157894736842	0.0	0.0	0.0	0.0	0.0	0.105263157895	0.157894736842	0.526315789474	0.157894736842	0.105263157895	0.0	0.0526315789474	0.0	0.0	0.0	1.0	0.736842105263]
C [0.0	0.0	0.0	0.0	1.0	0.0	0.0	0.0	1.0	0.210526315789	0.0	0.0526315789474	0.0	0.0	0.0	0.0	1.0	0.0	0.0	0.0	0.263157894737]
G [0.842105263158	1.0	0.0526315789474	0.842105263158	0.0	0.0	1.0	0.0526315789474	0.0	0.210526315789	0.789473684211	0.157894736842	0.842105263158	0.894736842105	0.0	0.947368421053	0.0	0.0	0.947368421053	0.0	0.0]
T [0.105263157895	0.0	0.0	0.0	0.0	1.0	0.0	0.947368421053	0.0	0.473684210526	0.0526315789474	0.263157894737	0.0	0.0	1.0	0.0	0.0	1.0	0.0526315789474	0.0	0.0]



MOTIF: 3 (119 sequences, width 22)

A [0.0420168067227	0.0	0.0	1.0	0.0	0.0252100840336	0.983193277311	0.0	0.0	0.495798319328	0.0924369747899	0.201680672269	0.168067226891	0.168067226891	0.0840336134454	0.134453781513	0.151260504202	0.0336134453782	0.0924369747899	0.697478991597	0.243697478992	0.663865546218]
C [0.0420168067227	0.00840336134454	1.0	0.0	0.0	0.957983193277	0.0168067226891	1.0	0.739495798319	0.0924369747899	0.361344537815	0.27731092437	0.201680672269	0.210084033613	0.352941176471	0.210084033613	0.159663865546	0.0420168067227	0.0	0.0420168067227	0.739495798319	0.252100840336]
G [0.0840336134454	0.00840336134454	0.0	0.0	1.0	0.0168067226891	0.0	0.0	0.0	0.210084033613	0.46218487395	0.403361344538	0.478991596639	0.378151260504	0.336134453782	0.571428571429	0.319327731092	0.731092436975	0.90756302521	0.260504201681	0.00840336134454	0.0756302521008]
T [0.831932773109	0.983193277311	0.0	0.0	0.0	0.0	0.0	0.0	0.260504201681	0.201680672269	0.0840336134454	0.117647058824	0.151260504202	0.243697478992	0.226890756303	0.0840336134454	0.36974789916	0.193277310924	0.0	0.0	0.00840336134454	0.00840336134454]



MOTIF: 4 (99 sequences, width 20)

A [0.0505050505051	0.282828282828	0.212121212121	0.121212121212	0.0707070707071	1.0	0.0	0.020202020202	0.555555555556	0.030303030303	0.0	0.0	0.989898989899	0.0	1.0	0.010101010101	0.191919191919	0.141414141414	0.151515151515	0.131313131313]
C [0.525252525253	0.131313131313	0.151515151515	0.343434343434	0.474747474747	0.0	1.0	0.979797979798	0.030303030303	0.010101010101	0.0	0.0	0.0	0.858585858586	0.0	0.0	0.565656565657	0.0	0.555555555556	0.636363636364]
G [0.141414141414	0.191919191919	0.505050505051	0.494949494949	0.121212121212	0.0	0.0	0.0	0.0	0.020202020202	1.0	1.0	0.0	0.141414141414	0.0	0.989898989899	0.141414141414	0.505050505051	0.252525252525	0.040404040404]
T [0.282828282828	0.393939393939	0.131313131313	0.040404040404	0.333333333333	0.0	0.0	0.0	0.414141414141	0.939393939394	0.0	0.0	0.010101010101	0.0	0.0	0.0	0.10101010101	0.353535353535	0.040404040404	0.191919191919]



MOTIF: 5 (392 sequences, width 11)

A [0.0816326530612	0.0127551020408	0.0127551020408	0.987244897959	0.00765306122449	0.997448979592	0.0	0.0229591836735	0.165816326531	0.0663265306122	0.0459183673469]
C [0.102040816327	0.0	0.0	0.0	0.961734693878	0.0	0.0	0.867346938776	0.0	0.795918367347	0.84693877551]
G [0.0357142857143	0.982142857143	0.987244897959	0.0	0.0229591836735	0.00255102040816	1.0	0.0	0.329081632653	0.107142857143	0.0]
T [0.780612244898	0.00510204081633	0.0	0.0127551020408	0.00765306122449	0.0	0.0	0.109693877551	0.505102040816	0.030612244898	0.107142857143]



MOTIF: 6 (1296 sequences, width 21)

A [0.119598765432	0.0138888888889	0.0138888888889	0.999228395062	0.00848765432099	0.0748456790123	0.997685185185	0.00771604938272	0.0185185185185	0.584104938272	0.145833333333	0.0131172839506	0.0131172839506	0.878858024691	0.00462962962963	0.99537037037	0.0347222222222	0.139660493827	0.236882716049	0.144290123457	0.100308641975]
C [0.0887345679012	0.118055555556	0.952160493827	0.0	0.0	0.635802469136	0.0	0.992283950617	0.93287037037	0.121913580247	0.249228395062	0.0	0.0	0.0756172839506	0.809413580247	0.0	0.00462962962963	0.616512345679	0.0208333333333	0.58024691358	0.702160493827]
G [0.226080246914	0.0817901234568	0.000771604938272	0.000771604938272	0.988425925926	0.204475308642	0.00154320987654	0.0	0.00694444444444	0.110339506173	0.0841049382716	0.986111111111	0.986882716049	0.0123456790123	0.141203703704	0.00462962962963	0.957561728395	0.108024691358	0.449845679012	0.195216049383	0.0277777777778]
T [0.565586419753	0.786265432099	0.0331790123457	0.0	0.00308641975309	0.0848765432099	0.000771604938272	0.0	0.0416666666667	0.183641975309	0.520833333333	0.000771604938272	0.0	0.0331790123457	0.0447530864198	0.0	0.00308641975309	0.135802469136	0.292438271605	0.0802469135802	0.16975308642]


