
Number of sequences: 2292
Number of modes: 5
Likelihood: 12394.3952018


MOTIF: 0 (1301 sequences, width 21)

A [0.162951575711	0.076095311299	0.307455803228	0.134511913912	0.00230591852421	0.0	0.0445810914681	0.032282859339	0.0	0.00230591852421	0.520368946964	0.189853958493	0.04381245196	0.00153727901614	0.000768639508071	0.0699461952344	0.00230591852421	0.0	0.0392006149116	0.7809377402	0.576479631053]
C [0.021521906226	0.193697156034	0.448116833205	0.10376633359	0.963873943121	0.0	0.146810146042	0.0115295926211	0.988470407379	0.973097617218	0.0845503458878	0.109915449654	0.00768639508071	0.0	0.00153727901614	0.207532667179	0.988470407379	0.000768639508071	0.00384319754035	0.0822444273636	0.225980015373]
G [0.712528823982	0.588777863182	0.0176787086856	0.621829362029	0.00461183704842	0.0	0.803996925442	0.0753266717909	0.0	0.00307455803228	0.250576479631	0.13143735588	0.931591083782	0.998462720984	0.0	0.647194465796	0.0	0.000768639508071	0.938508839354	0.122213681783	0.0753266717909]
T [0.102997694081	0.141429669485	0.226748654881	0.139892390469	0.0292083013067	1.0	0.00461183704842	0.880860876249	0.0115295926211	0.021521906226	0.144504227517	0.568793235972	0.0169100691776	0.0	0.997694081476	0.0753266717909	0.00922367409685	0.998462720984	0.0184473481937	0.0146041506533	0.122213681783]



MOTIF: 1 (181 sequences, width 15)

A [0.116022099448	0.0	0.0	0.0	0.0276243093923	0.0	0.0	0.834254143646	0.408839779006	0.00552486187845	0.0	0.0	0.331491712707	0.0773480662983	0.0718232044199]
C [0.0828729281768	0.994475138122	0.0	0.160220994475	0.0	0.994475138122	0.994475138122	0.0276243093923	0.0220994475138	0.0	0.0	0.0	0.209944751381	0.591160220994	0.397790055249]
G [0.696132596685	0.0	0.0	0.839779005525	0.0165745856354	0.00552486187845	0.00552486187845	0.0662983425414	0.00552486187845	0.988950276243	1.0	0.0	0.430939226519	0.21546961326	0.138121546961]
T [0.104972375691	0.00552486187845	1.0	0.0	0.955801104972	0.0	0.0	0.0718232044199	0.563535911602	0.00552486187845	0.0	1.0	0.0276243093923	0.116022099448	0.39226519337]



MOTIF: 2 (186 sequences, width 21)

A [0.0215053763441	0.010752688172	0.010752688172	0.236559139785	0.209677419355	0.247311827957	0.225806451613	0.198924731183	0.150537634409	0.112903225806	0.102150537634	0.155913978495	0.188172043011	0.010752688172	0.0	0.00537634408602	0.0	0.0	0.0	0.940860215054	0.89247311828]
C [0.0430107526882	0.301075268817	0.677419354839	0.629032258065	0.483870967742	0.408602150538	0.306451612903	0.462365591398	0.516129032258	0.408602150538	0.489247311828	0.172043010753	0.0	0.0	0.0	0.010752688172	1.0	0.0	0.0	0.0	0.0215053763441]
G [0.462365591398	0.290322580645	0.0161290322581	0.0752688172043	0.177419354839	0.172043010753	0.333333333333	0.193548387097	0.155913978495	0.220430107527	0.290322580645	0.123655913978	0.811827956989	0.989247311828	0.00537634408602	0.967741935484	0.0	0.0	1.0	0.0591397849462	0.0376344086022]
T [0.47311827957	0.397849462366	0.295698924731	0.0591397849462	0.129032258065	0.172043010753	0.134408602151	0.145161290323	0.177419354839	0.258064516129	0.118279569892	0.548387096774	0.0	0.0	0.994623655914	0.0161290322581	0.0	1.0	0.0	0.0	0.0483870967742]



MOTIF: 3 (36 sequences, width 20)

A [0.0277777777778	0.0	1.0	0.0277777777778	0.0	1.0	0.277777777778	0.0277777777778	0.666666666667	0.0	0.0	0.0	1.0	0.0277777777778	0.888888888889	0.138888888889	0.0	0.194444444444	0.0	0.0]
C [0.222222222222	0.861111111111	0.0	0.0	0.166666666667	0.0	0.722222222222	0.972222222222	0.138888888889	0.444444444444	0.0	0.0	0.0	0.75	0.0	0.0	0.861111111111	0.0	0.888888888889	0.972222222222]
G [0.0	0.0833333333333	0.0	0.972222222222	0.0	0.0	0.0	0.0	0.0555555555556	0.0555555555556	1.0	1.0	0.0	0.0	0.111111111111	0.833333333333	0.138888888889	0.0	0.0	0.0]
T [0.75	0.0555555555556	0.0	0.0	0.833333333333	0.0	0.0	0.0	0.138888888889	0.5	0.0	0.0	0.0	0.222222222222	0.0	0.0277777777778	0.0	0.805555555556	0.111111111111	0.0277777777778]



MOTIF: 4 (588 sequences, width 11)

A [0.12074829932	0.0527210884354	0.0340136054422	0.887755102041	0.0374149659864	0.921768707483	0.0	0.0697278911565	0.215986394558	0.100340136054	0.113945578231]
C [0.12074829932	0.0102040816327	0.0340136054422	0.015306122449	0.869047619048	0.0289115646259	0.0459183673469	0.75	0.015306122449	0.641156462585	0.731292517007]
G [0.0986394557823	0.874149659864	0.914965986395	0.0459183673469	0.0544217687075	0.00850340136054	0.90306122449	0.0204081632653	0.309523809524	0.181972789116	0.0272108843537]
T [0.659863945578	0.062925170068	0.0170068027211	0.0510204081633	0.0391156462585	0.0408163265306	0.0510204081633	0.159863945578	0.459183673469	0.0765306122449	0.127551020408]


