
Number of sequences: 1000
Number of modes: 9
Likelihood: -558.125000491


MOTIF: 0 (195 sequences, width 8)

A [0.528205128205	0.0	0.0	0.0	0.579487179487	0.261538461538	0.435897435897	0.394871794872]
C [0.0	0.0	0.974358974359	0.133333333333	0.0	0.189743589744	0.0974358974359	0.2]
G [0.0	1.0	0.0	0.866666666667	0.410256410256	0.2	0.0	0.405128205128]
T [0.471794871795	0.0	0.025641025641	0.0	0.0102564102564	0.348717948718	0.466666666667	0.0]



MOTIF: 1 (183 sequences, width 8)

A [0.453551912568	0.256830601093	0.00546448087432	0.0	0.0	0.404371584699	0.377049180328	0.0]
C [0.00546448087432	0.31693989071	0.0	1.0	1.0	0.404371584699	0.0109289617486	0.377049180328]
G [0.0	0.20218579235	0.0	0.0	0.0	0.0	0.448087431694	0.0]
T [0.540983606557	0.224043715847	0.994535519126	0.0	0.0	0.191256830601	0.16393442623	0.622950819672]



MOTIF: 2 (163 sequences, width 8)

A [0.0	0.116564417178	0.0	0.0	0.533742331288	0.0	0.0	0.0]
C [0.0122699386503	0.0	0.00613496932515	0.0736196319018	0.466257668712	0.122699386503	0.177914110429	0.39263803681]
G [0.975460122699	0.21472392638	0.0552147239264	0.0122699386503	0.0	0.147239263804	0.233128834356	0.386503067485]
T [0.0122699386503	0.668711656442	0.938650306748	0.914110429448	0.0	0.730061349693	0.588957055215	0.220858895706]



MOTIF: 3 (182 sequences, width 8)

A [0.0494505494505	0.0	0.164835164835	0.0	0.0	0.0164835164835	0.0	0.0]
C [0.0	0.0	0.813186813187	0.0	0.302197802198	0.0879120879121	0.10989010989	0.0]
G [0.395604395604	0.43956043956	0.021978021978	0.631868131868	0.258241758242	0.164835164835	0.686813186813	0.0]
T [0.554945054945	0.56043956044	0.0	0.368131868132	0.43956043956	0.730769230769	0.203296703297	1.0]



MOTIF: 4 (0 sequences, width 0)


MOTIF: 5 (77 sequences, width 8)

A [0.0	0.662337662338	0.506493506494	0.0	0.311688311688	0.012987012987	0.675324675325	0.0]
C [0.0	0.0	0.025974025974	0.012987012987	0.025974025974	0.558441558442	0.0	0.0]
G [1.0	0.0	0.0	0.987012987013	0.337662337662	0.415584415584	0.0	1.0]
T [0.0	0.337662337662	0.467532467532	0.0	0.324675324675	0.012987012987	0.324675324675	0.0]



MOTIF: 6 (153 sequences, width 8)

A [0.21568627451	0.424836601307	0.0	0.0	0.464052287582	0.0	0.0	0.0]
C [0.37908496732	0.575163398693	0.908496732026	0.078431372549	0.0	0.124183006536	0.0980392156863	0.0]
G [0.294117647059	0.0	0.0	0.0980392156863	0.300653594771	0.0	0.777777777778	0.954248366013]
T [0.111111111111	0.0	0.0915032679739	0.823529411765	0.235294117647	0.875816993464	0.124183006536	0.0457516339869]



MOTIF: 7 (47 sequences, width 8)

A [0.0	0.0	0.0212765957447	0.829787234043	0.0	0.936170212766	0.0	0.127659574468]
C [0.0	0.0	0.0	0.127659574468	0.106382978723	0.0	0.617021276596	0.191489361702]
G [1.0	0.0	0.212765957447	0.0	0.0	0.0425531914894	0.382978723404	0.0425531914894]
T [0.0	1.0	0.765957446809	0.0425531914894	0.893617021277	0.0212765957447	0.0	0.63829787234]



MOTIF: 8 (0 sequences, width 0)

