
Number of sequences: 1000
Number of modes: 9
Likelihood: -653.735081791


MOTIF: 0 (0 sequences, width 0)


MOTIF: 1 (108 sequences, width 8)

A [0.259259259259	0.296296296296	0.00925925925926	0.0277777777778	0.0	0.222222222222	0.62037037037	0.0]
C [0.37037037037	0.0740740740741	0.0	0.0	1.0	0.0	0.037037037037	0.0]
G [0.0	0.564814814815	0.953703703704	0.833333333333	0.0	0.277777777778	0.296296296296	0.0]
T [0.37037037037	0.0648148148148	0.037037037037	0.138888888889	0.0	0.5	0.0462962962963	1.0]



MOTIF: 2 (276 sequences, width 8)

A [0.00724637681159	0.0036231884058	0.434782608696	0.0	0.0	0.0	0.0	0.326086956522]
C [0.0	0.0	0.565217391304	0.0	0.333333333333	0.0	0.289855072464	0.0]
G [0.43115942029	0.0652173913043	0.0	0.333333333333	0.333333333333	0.528985507246	0.474637681159	0.0]
T [0.561594202899	0.93115942029	0.0	0.666666666667	0.333333333333	0.471014492754	0.235507246377	0.673913043478]



MOTIF: 3 (174 sequences, width 8)

A [0.0	0.32183908046	0.0977011494253	0.66091954023	0.0	0.0402298850575	0.0	0.551724137931]
C [1.0	0.00574712643678	0.362068965517	0.0	0.0	0.0	0.0	0.0287356321839]
G [0.0	0.379310344828	0.0114942528736	0.0	1.0	0.454022988506	0.367816091954	0.0]
T [0.0	0.293103448276	0.528735632184	0.33908045977	0.0	0.505747126437	0.632183908046	0.419540229885]



MOTIF: 4 (0 sequences, width 0)


MOTIF: 5 (87 sequences, width 8)

A [0.344827586207	0.0	0.0	0.0	0.402298850575	0.16091954023	0.287356321839	0.609195402299]
C [0.0	0.0	1.0	0.0	0.0114942528736	0.172413793103	0.103448275862	0.0344827586207]
G [0.0	0.977011494253	0.0	1.0	0.586206896552	0.206896551724	0.0	0.35632183908]
T [0.655172413793	0.0229885057471	0.0	0.0	0.0	0.459770114943	0.609195402299	0.0]



MOTIF: 6 (0 sequences, width 0)


MOTIF: 7 (146 sequences, width 8)

A [0.397260273973	0.171232876712	0.0	0.191780821918	0.0	0.390410958904	0.294520547945	0.0]
C [0.0	0.609589041096	0.0821917808219	0.780821917808	1.0	0.22602739726	0.0	0.116438356164]
G [0.0	0.143835616438	0.0821917808219	0.013698630137	0.0	0.0	0.705479452055	0.0]
T [0.602739726027	0.0753424657534	0.835616438356	0.013698630137	0.0	0.383561643836	0.0	0.883561643836]



MOTIF: 8 (209 sequences, width 8)

A [0.0	0.0	0.0	0.0	0.0	0.11004784689	0.267942583732	0.00478468899522]
C [0.0	0.0	0.602870813397	0.99043062201	0.626794258373	0.234449760766	0.196172248804	0.382775119617]
G [0.593301435407	0.0	0.397129186603	0.00956937799043	0.0	0.301435406699	0.488038277512	0.0239234449761]
T [0.406698564593	1.0	0.0	0.0	0.373205741627	0.354066985646	0.0478468899522	0.588516746411]


