
Number of sequences: 2292
Number of modes: 8
Likelihood: 15488.9037711


MOTIF: 0 (174 sequences, width 9)

A [0.14367816092	0.172413793103	0.16091954023	0.494252873563	0.00574712643678	0.0747126436782	0.396551724138	0.0977011494253	0.00574712643678]
C [0.344827586207	0.264367816092	0.787356321839	0.0574712643678	0.224137931034	0.810344827586	0.528735632184	0.454022988506	0.689655172414]
G [0.270114942529	0.00574712643678	0.051724137931	0.0	0.574712643678	0.0977011494253	0.00574712643678	0.0	0.0]
T [0.241379310345	0.557471264368	0.0	0.448275862069	0.195402298851	0.0172413793103	0.0689655172414	0.448275862069	0.304597701149]



MOTIF: 1 (191 sequences, width 15)

A [0.13612565445	0.0366492146597	0.371727748691	0.104712041885	0.0	0.0	0.0	0.0104712041885	0.0	0.0	0.874345549738	0.439790575916	0.0	0.0	0.0]
C [0.0314136125654	0.277486910995	0.403141361257	0.0785340314136	0.989528795812	0.0	0.167539267016	0.0	0.994764397906	1.0	0.0471204188482	0.0	0.0	0.0	0.00523560209424]
G [0.722513089005	0.586387434555	0.0	0.696335078534	0.0	0.0	0.832460732984	0.0157068062827	0.00523560209424	0.0	0.0418848167539	0.0628272251309	0.989528795812	0.994764397906	0.0]
T [0.109947643979	0.0994764397906	0.225130890052	0.120418848168	0.0104712041885	1.0	0.0	0.973821989529	0.0	0.0	0.0366492146597	0.497382198953	0.0104712041885	0.00523560209424	0.994764397906]



MOTIF: 2 (387 sequences, width 21)

A [0.0981912144703	0.0	0.0	1.0	0.0	0.0180878552972	1.0	0.0	0.046511627907	0.483204134367	0.0878552971576	0.062015503876	0.0232558139535	0.899224806202	0.00258397932817	0.994832041344	0.0103359173127	0.0749354005168	0.139534883721	0.144702842377	0.0645994832041]
C [0.0439276485788	0.0594315245478	0.994832041344	0.0	0.0	0.857881136951	0.0	1.0	0.87338501292	0.0	0.589147286822	0.0103359173127	0.0	0.0749354005168	0.963824289406	0.0	0.00516795865633	0.723514211886	0.0103359173127	0.653746770026	0.77519379845]
G [0.209302325581	0.0542635658915	0.00516795865633	0.0	0.997416020672	0.0723514211886	0.0	0.0	0.0103359173127	0.346253229974	0.175710594315	0.922480620155	0.976744186047	0.00516795865633	0.0335917312661	0.00516795865633	0.979328165375	0.0826873385013	0.552971576227	0.12661498708	0.00258397932817]
T [0.64857881137	0.886304909561	0.0	0.0	0.00258397932817	0.0516795865633	0.0	0.0	0.0697674418605	0.170542635659	0.147286821705	0.00516795865633	0.0	0.0206718346253	0.0	0.0	0.00516795865633	0.118863049096	0.297157622739	0.0749354005168	0.157622739018]



MOTIF: 3 (338 sequences, width 12)

A [0.198224852071	0.094674556213	0.0266272189349	0.5	0.0976331360947	0.00295857988166	0.0	0.00887573964497	0.00591715976331	0.0	0.00295857988166	0.807692307692]
C [0.0798816568047	0.00591715976331	0.133136094675	0.331360946746	0.0	0.994082840237	0.0	0.0118343195266	0.0	0.997041420118	0.994082840237	0.0414201183432]
G [0.467455621302	0.85798816568	0.766272189349	0.0	0.869822485207	0.00295857988166	0.0	0.979289940828	0.0	0.00295857988166	0.00295857988166	0.0828402366864]
T [0.254437869822	0.0414201183432	0.0739644970414	0.168639053254	0.0325443786982	0.0	1.0	0.0	0.994082840237	0.0	0.0	0.0680473372781]



MOTIF: 4 (234 sequences, width 10)

A [0.145299145299	0.247863247863	0.0	0.0	0.00854700854701	0.0	0.0	0.0	0.944444444444	0.867521367521]
C [0.200854700855	0.0	0.0	0.0	0.0384615384615	1.0	0.0	0.00854700854701	0.0	0.034188034188]
G [0.119658119658	0.752136752137	1.0	0.017094017094	0.940170940171	0.0	0.0	0.991452991453	0.0555555555556	0.0512820512821]
T [0.534188034188	0.0	0.0	0.982905982906	0.0128205128205	0.0	1.0	0.0	0.0	0.0470085470085]



MOTIF: 5 (101 sequences, width 20)

A [0.158415841584	0.118811881188	0.970297029703	0.00990099009901	0.19801980198	1.0	0.0990099009901	0.039603960396	0.584158415842	0.0792079207921	0.029702970297	0.0	0.970297029703	0.00990099009901	1.0	0.0	0.0	0.0891089108911	0.049504950495	0.0]
C [0.336633663366	0.792079207921	0.00990099009901	0.0	0.247524752475	0.0	0.90099009901	0.940594059406	0.188118811881	0.455445544554	0.0	0.0	0.00990099009901	0.663366336634	0.0	0.0	0.990099009901	0.0	0.950495049505	0.970297029703]
G [0.019801980198	0.029702970297	0.019801980198	0.990099009901	0.118811881188	0.0	0.0	0.019801980198	0.0693069306931	0.029702970297	0.970297029703	1.0	0.0	0.148514851485	0.0	0.980198019802	0.0	0.0	0.0	0.0]
T [0.485148514851	0.0594059405941	0.0	0.0	0.435643564356	0.0	0.0	0.0	0.158415841584	0.435643564356	0.0	0.0	0.019801980198	0.178217821782	0.0	0.019801980198	0.00990099009901	0.910891089109	0.0	0.029702970297]



MOTIF: 6 (15 sequences, width 145)

A [0.0	0.933333333333	0.0666666666667	0.0	1.0	0.0	0.0	0.0	1.0	0.0	0.0	1.0	0.0	1.0	0.0	0.333333333333	0.0	0.0	1.0	0.0	0.0	0.0	0.0	0.0	0.0	0.0	0.0666666666667	0.0	0.0	0.0	0.0	0.0	0.0	1.0	0.0	0.666666666667	0.0	0.0	0.0	0.0	0.6	0.866666666667	0.0666666666667	0.266666666667	0.0	0.0	0.0	1.0	0.0666666666667	0.0	0.333333333333	1.0	0.0	0.0	0.0	1.0	0.0666666666667	0.266666666667	0.0	0.0	0.0	0.0	0.0666666666667	0.0	0.0	0.0	0.0	0.0	0.0	0.0	0.0	0.0	0.0	0.0	0.0	0.0	0.0	0.0	0.0	1.0	0.0	0.0	1.0	0.0	0.0666666666667	0.733333333333	0.133333333333	0.933333333333	0.133333333333	0.0	0.266666666667	0.0	0.0666666666667	0.266666666667	0.933333333333	0.0666666666667	0.933333333333	0.0666666666667	0.0	0.266666666667	0.0666666666667	0.0	0.0	0.866666666667	0.0666666666667	0.266666666667	0.0666666666667	0.933333333333	0.0666666666667	0.0	0.0	0.933333333333	0.0666666666667	0.0	0.0666666666667	0.0	0.0	0.0	0.0	0.666666666667	0.0666666666667	0.133333333333	0.666666666667	0.333333333333	0.666666666667	0.666666666667	0.333333333333	0.0	0.0	0.0	0.733333333333	0.0	0.0	0.533333333333	0.666666666667	0.4	0.333333333333	0.333333333333	0.333333333333	0.6	0.666666666667	0.133333333333	0.266666666667	0.333333333333	0.0]
C [1.0	0.0	0.0	0.0	0.0	0.4	1.0	0.733333333333	0.0	0.0	0.0	0.0	0.0	0.0	0.0	0.0	1.0	1.0	0.0	1.0	0.0	0.0	0.0	0.933333333333	0.266666666667	0.333333333333	0.0	0.0	0.6	0.0	0.0	0.0	1.0	0.0	0.0	0.0	0.0	1.0	1.0	0.0	0.0	0.0	0.0	0.0	0.0	0.0	0.933333333333	0.0	0.0	0.933333333333	0.666666666667	0.0	0.0	0.0	0.933333333333	0.0	0.0	0.0	1.0	0.0	0.0	0.0	0.0	0.0	0.0	1.0	0.0	1.0	0.0	0.0	0.0	0.0	1.0	0.0	0.0	1.0	0.0	0.0	1.0	0.0	0.0	1.0	0.0	1.0	0.933333333333	0.266666666667	0.0666666666667	0.0	0.0	0.0	0.0	0.0	0.0	0.0	0.0	0.933333333333	0.0666666666667	0.0	0.6	0.0666666666667	0.8	1.0	1.0	0.0666666666667	0.0	0.0	0.8	0.0666666666667	0.4	0.0	0.0	0.0	0.0	0.0	0.733333333333	0.733333333333	0.666666666667	0.0666666666667	0.866666666667	0.0666666666667	0.0	0.0	0.0	0.0	0.0	0.0	0.0	0.0	0.0	0.0	0.0	0.0666666666667	0.0	0.0	0.0	0.0	0.0	0.0	0.0	0.0	0.0	0.0	0.0	0.0	0.333333333333]
G [0.0	0.0	0.933333333333	1.0	0.0	0.0	0.0	0.0	0.0	1.0	0.4	0.0	1.0	0.0	1.0	0.666666666667	0.0	0.0	0.0	0.0	0.0	1.0	1.0	0.0	0.0	0.666666666667	0.0	1.0	0.4	0.0	1.0	0.0	0.0	0.0	0.0	0.333333333333	0.4	0.0	0.0	0.0	0.4	0.133333333333	0.933333333333	0.4	1.0	0.933333333333	0.0666666666667	0.0	0.933333333333	0.0666666666667	0.0	0.0	1.0	1.0	0.0	0.0	0.933333333333	0.666666666667	0.0	0.0	0.0	1.0	0.933333333333	1.0	0.0	0.0	0.0	0.0	0.0	0.4	1.0	1.0	0.0	0.0	1.0	0.0	0.0	0.0	0.0	0.0	1.0	0.0	0.0	0.0	0.0	0.0	0.8	0.0666666666667	0.866666666667	1.0	0.4	0.0666666666667	0.866666666667	0.666666666667	0.0666666666667	0.0	0.0	0.933333333333	0.0666666666667	0.666666666667	0.0666666666667	0.0	0.0	0.0	0.0	0.666666666667	0.0666666666667	0.0	0.0	0.0	0.933333333333	0.0666666666667	0.933333333333	0.666666666667	0.2	0.0	0.0	0.0	0.0666666666667	0.266666666667	0.933333333333	0.866666666667	0.333333333333	0.666666666667	0.333333333333	0.333333333333	0.0666666666667	0.666666666667	0.866666666667	1.0	0.266666666667	0.933333333333	1.0	0.466666666667	0.333333333333	0.6	0.666666666667	0.666666666667	0.666666666667	0.4	0.333333333333	0.6	0.733333333333	0.666666666667	0.533333333333]
T [0.0	0.0666666666667	0.0	0.0	0.0	0.6	0.0	0.266666666667	0.0	0.0	0.6	0.0	0.0	0.0	0.0	0.0	0.0	0.0	0.0	0.0	1.0	0.0	0.0	0.0666666666667	0.733333333333	0.0	0.933333333333	0.0	0.0	1.0	0.0	1.0	0.0	0.0	1.0	0.0	0.6	0.0	0.0	1.0	0.0	0.0	0.0	0.333333333333	0.0	0.0666666666667	0.0	0.0	0.0	0.0	0.0	0.0	0.0	0.0	0.0666666666667	0.0	0.0	0.0666666666667	0.0	1.0	1.0	0.0	0.0	0.0	1.0	0.0	1.0	0.0	1.0	0.6	0.0	0.0	0.0	1.0	0.0	0.0	1.0	1.0	0.0	0.0	0.0	0.0	0.0	0.0	0.0	0.0	0.0	0.0	0.0	0.0	0.333333333333	0.933333333333	0.0666666666667	0.0666666666667	0.0	0.0	0.0	0.0	0.333333333333	0.0	0.0666666666667	0.0	0.0	0.0666666666667	0.933333333333	0.0666666666667	0.0666666666667	0.0	0.533333333333	1.0	0.0666666666667	0.0	0.0	0.333333333333	0.0	0.266666666667	0.333333333333	0.933333333333	0.0666666666667	0.0	0.0	0.0	0.0	0.0	0.0	0.0	0.6	0.333333333333	0.133333333333	0.0	0.0	0.0	0.0	0.0	0.0	0.0	0.0	0.0	0.0	0.0	0.0	0.266666666667	0.0	0.0	0.133333333333]



MOTIF: 7 (852 sequences, width 21)

A [0.179577464789	0.0833333333333	0.257042253521	0.152582159624	0.0	0.0	0.056338028169	0.0410798122066	0.0	0.00117370892019	0.692488262911	0.200704225352	0.0328638497653	0.00234741784038	0.0	0.075117370892	0.0	0.0	0.0575117370892	0.75117370892	0.553990610329]
C [0.0399061032864	0.240610328638	0.430751173709	0.12323943662	0.955399061033	0.0	0.18779342723	0.0152582159624	0.992957746479	0.99882629108	0.0446009389671	0.00469483568075	0.00469483568075	0.0	0.00234741784038	0.267605633803	0.988262910798	0.00234741784038	0.0	0.103286384977	0.227699530516]
G [0.649061032864	0.522300469484	0.0269953051643	0.549295774648	0.00352112676056	0.0	0.75	0.0786384976526	0.0	0.0	0.0845070422535	0.176056338028	0.960093896714	0.99765258216	0.0	0.579812206573	0.0	0.0	0.924882629108	0.145539906103	0.0892018779343]
T [0.131455399061	0.153755868545	0.285211267606	0.174882629108	0.0410798122066	1.0	0.00586854460094	0.865023474178	0.00704225352113	0.0	0.178403755869	0.618544600939	0.00234741784038	0.0	0.99765258216	0.0774647887324	0.0117370892019	0.99765258216	0.0176056338028	0.0	0.129107981221]


