
Number of sequences: 1000
Number of modes: 9
Likelihood: -639.41250217


MOTIF: 0 (99 sequences, width 8)

A [0.0	0.0	0.0505050505051	0.636363636364	0.0	0.333333333333	0.0	0.686868686869]
C [0.474747474747	0.0	0.121212121212	0.010101010101	0.0	0.0	1.0	0.0]
G [0.505050505051	0.414141414141	0.0	0.010101010101	0.545454545455	0.161616161616	0.0	0.0]
T [0.020202020202	0.585858585859	0.828282828283	0.343434343434	0.454545454545	0.505050505051	0.0	0.313131313131]



MOTIF: 1 (209 sequences, width 8)

A [0.55023923445	0.0	0.306220095694	0.0	0.0	0.727272727273	0.0	0.425837320574]
C [0.0	0.44019138756	0.143540669856	0.0	0.0	0.0	0.55023923445	0.0]
G [0.296650717703	0.0	0.181818181818	0.995215311005	0.875598086124	0.272727272727	0.444976076555	0.0191387559809]
T [0.153110047847	0.55980861244	0.368421052632	0.00478468899522	0.124401913876	0.0	0.00478468899522	0.555023923445]



MOTIF: 2 (198 sequences, width 8)

A [0.0	0.0	0.429292929293	0.0	0.0	0.489898989899	0.0	0.0]
C [0.0656565656566	0.767676767677	0.212121212121	0.318181818182	0.0	0.0	0.505050505051	0.0]
G [0.217171717172	0.232323232323	0.0	0.0	0.040404040404	0.510101010101	0.0555555555556	0.333333333333]
T [0.717171717172	0.0	0.358585858586	0.681818181818	0.959595959596	0.0	0.439393939394	0.666666666667]



MOTIF: 3 (189 sequences, width 8)

A [0.190476190476	0.0	0.010582010582	0.0	0.0582010582011	0.0634920634921	0.0	0.0]
C [0.306878306878	0.0	0.0	0.306878306878	0.328042328042	0.698412698413	0.539682539683	0.433862433862]
G [0.0	1.0	0.0	0.0	0.0	0.0	0.121693121693	0.253968253968]
T [0.502645502646	0.0	0.989417989418	0.693121693122	0.613756613757	0.238095238095	0.338624338624	0.312169312169]



MOTIF: 4 (0 sequences, width 0)


MOTIF: 5 (183 sequences, width 8)

A [0.00546448087432	0.546448087432	0.0	0.0	0.0	0.502732240437	0.0710382513661	0.322404371585]
C [0.393442622951	0.0	0.0	1.0	0.322404371585	0.0	0.256830601093	0.0819672131148]
G [0.16393442623	0.0	1.0	0.0	0.677595628415	0.497267759563	0.245901639344	0.0]
T [0.437158469945	0.453551912568	0.0	0.0	0.0	0.0	0.426229508197	0.595628415301]



MOTIF: 6 (0 sequences, width 0)


MOTIF: 7 (0 sequences, width 0)


MOTIF: 8 (122 sequences, width 8)

A [0.0983606557377	0.0	0.975409836066	0.00819672131148	0.491803278689	0.0	0.00819672131148	0.0]
C [0.491803278689	1.0	0.0245901639344	0.27868852459	0.491803278689	0.0	0.0409836065574	0.245901639344]
G [0.204918032787	0.0	0.0	0.106557377049	0.0	1.0	0.549180327869	0.311475409836]
T [0.204918032787	0.0	0.0	0.606557377049	0.016393442623	0.0	0.401639344262	0.44262295082]


