
Number of sequences: 2292
Number of modes: 8
Likelihood: 13252.3428146


MOTIF: 0 (156 sequences, width 17)

A [0.00641025641026	0.00641025641026	0.0	0.99358974359	0.0	0.0576923076923	0.987179487179	0.0	0.025641025641	0.865384615385	0.211538461538	0.0	0.0192307692308	0.903846153846	0.0	0.961538461538	0.230769230769]
C [0.0833333333333	0.141025641026	0.987179487179	0.0	0.0	0.5	0.0	1.0	0.974358974359	0.0384615384615	0.0320512820513	0.0	0.0	0.0833333333333	0.846153846154	0.00641025641026	0.0384615384615]
G [0.205128205128	0.0512820512821	0.00641025641026	0.00641025641026	1.0	0.358974358974	0.0128205128205	0.0	0.0	0.00641025641026	0.0	1.0	0.980769230769	0.00641025641026	0.0833333333333	0.0320512820513	0.717948717949]
T [0.705128205128	0.801282051282	0.00641025641026	0.0	0.0	0.0833333333333	0.0	0.0	0.0	0.0897435897436	0.75641025641	0.0	0.0	0.00641025641026	0.0705128205128	0.0	0.0128205128205]



MOTIF: 1 (1042 sequences, width 21)

A [0.142994241843	0.0191938579655	0.021113243762	0.997120921305	0.00959692898273	0.0834932821497	1.0	0.0	0.010556621881	0.518234165067	0.137236084453	0.0268714011516	0.00575815738964	0.87236084453	0.00479846449136	1.0	0.00767754318618	0.101727447217	0.221689059501	0.0988483685221	0.0777351247601]
C [0.0930902111324	0.142994241843	0.935700575816	0.0	0.0	0.623800383877	0.0	0.998080614203	0.926103646833	0.158349328215	0.252399232246	0.00383877159309	0.0	0.0815738963532	0.776391554702	0.0	0.0	0.679462571977	0.00671785028791	0.67754318618	0.768714011516]
G [0.262955854127	0.0988483685221	0.00287907869482	0.00287907869482	0.986564299424	0.207293666027	0.0	0.0	0.00863723608445	0.101727447217	0.0710172744722	0.96641074856	0.99424184261	0.0115163147793	0.169865642994	0.0	0.990403071017	0.0719769673704	0.40019193858	0.158349328215	0.000959692898273]
T [0.500959692898	0.73896353167	0.0403071017274	0.0	0.00383877159309	0.0854126679463	0.0	0.00191938579655	0.0547024952015	0.221689059501	0.539347408829	0.00287907869482	0.0	0.0345489443378	0.0489443378119	0.0	0.00191938579655	0.146833013436	0.371401151631	0.0652591170825	0.152591170825]



MOTIF: 2 (169 sequences, width 21)

A [0.224852071006	0.10650887574	0.0177514792899	0.431952662722	0.0887573964497	0.0	0.0	0.0236686390533	0.0118343195266	0.0	0.0	0.846153846154	0.408284023669	0.00591715976331	0.0	0.0	0.384615384615	0.0414201183432	0.0710059171598	0.337278106509	0.260355029586]
C [0.0118343195266	0.0177514792899	0.248520710059	0.349112426036	0.0650887573964	0.988165680473	0.0	0.159763313609	0.0	1.0	1.0	0.0591715976331	0.0	0.0	0.0	0.0	0.207100591716	0.603550295858	0.378698224852	0.260355029586	0.189349112426]
G [0.502958579882	0.751479289941	0.609467455621	0.0	0.715976331361	0.0	0.0	0.810650887574	0.0118343195266	0.0	0.0	0.0473372781065	0.0591715976331	0.98224852071	0.994082840237	0.0	0.378698224852	0.207100591716	0.147928994083	0.118343195266	0.414201183432]
T [0.260355029586	0.12426035503	0.12426035503	0.218934911243	0.130177514793	0.0118343195266	1.0	0.00591715976331	0.976331360947	0.0	0.0	0.0473372781065	0.532544378698	0.0118343195266	0.00591715976331	1.0	0.0295857988166	0.147928994083	0.402366863905	0.284023668639	0.136094674556]



MOTIF: 3 (158 sequences, width 9)

A [0.132911392405	0.411392405063	0.0379746835443	0.246835443038	0.126582278481	0.170886075949	0.259493670886	0.189873417722	0.0]
C [0.835443037975	0.0189873417722	0.588607594937	0.0886075949367	0.0569620253165	0.556962025316	0.594936708861	0.221518987342	0.544303797468]
G [0.00632911392405	0.0	0.0696202531646	0.0	0.620253164557	0.0	0.00632911392405	0.0126582278481	0.0]
T [0.0253164556962	0.569620253165	0.303797468354	0.664556962025	0.196202531646	0.272151898734	0.139240506329	0.575949367089	0.455696202532]



MOTIF: 4 (138 sequences, width 21)

A [0.188405797101	0.115942028986	0.00724637681159	0.036231884058	0.0217391304348	0.0	0.00724637681159	0.0507246376812	0.0	0.0	0.123188405797	0.0652173913043	0.0	0.0	0.0	0.0507246376812	0.0	0.0	0.0	1.0	0.884057971014]
C [0.0652173913043	0.347826086957	0.826086956522	0.152173913043	0.971014492754	0.0144927536232	0.0	0.0144927536232	0.942028985507	1.0	0.260869565217	0.282608695652	0.00724637681159	0.0	0.0	0.0	0.992753623188	0.0	0.00724637681159	0.0	0.0217391304348]
G [0.579710144928	0.210144927536	0.0	0.557971014493	0.0	0.0144927536232	0.985507246377	0.0144927536232	0.00724637681159	0.0	0.492753623188	0.0	0.927536231884	1.0	0.0	0.920289855072	0.0	0.0	0.992753623188	0.0	0.0289855072464]
T [0.166666666667	0.326086956522	0.166666666667	0.253623188406	0.00724637681159	0.971014492754	0.00724637681159	0.920289855072	0.0507246376812	0.0	0.123188405797	0.652173913043	0.0652173913043	0.0	1.0	0.0289855072464	0.00724637681159	1.0	0.0	0.0	0.0652173913043]



MOTIF: 5 (192 sequences, width 11)

A [0.0625	0.0	0.0	0.994791666667	0.0	0.984375	0.0	0.0677083333333	0.34375	0.119791666667	0.0572916666667]
C [0.078125	0.0	0.00520833333333	0.0	0.963541666667	0.0	0.00520833333333	0.864583333333	0.0	0.53125	0.802083333333]
G [0.0260416666667	0.989583333333	0.994791666667	0.0	0.0260416666667	0.0	0.984375	0.0104166666667	0.65625	0.291666666667	0.0104166666667]
T [0.833333333333	0.0104166666667	0.0	0.00520833333333	0.0104166666667	0.015625	0.0104166666667	0.0572916666667	0.0	0.0572916666667	0.130208333333]



MOTIF: 6 (238 sequences, width 9)

A [0.046218487395	0.0	0.0	1.0	0.0	0.0	0.987394957983	0.0	0.00420168067227]
C [0.0210084033613	0.046218487395	0.991596638655	0.0	0.0	0.953781512605	0.0126050420168	0.991596638655	0.752100840336]
G [0.0504201680672	0.0252100840336	0.00840336134454	0.0	0.995798319328	0.0294117647059	0.0	0.0	0.0]
T [0.882352941176	0.928571428571	0.0	0.0	0.00420168067227	0.0168067226891	0.0	0.00840336134454	0.243697478992]



MOTIF: 7 (199 sequences, width 11)

A [0.070351758794	0.0100502512563	1.0	0.120603015075	0.0	0.0	0.0	0.00502512562814	0.0	0.0100502512563	0.738693467337]
C [0.0	0.0100502512563	0.0	0.0	1.0	0.00502512562814	0.0100502512563	0.0	0.994974874372	0.984924623116	0.035175879397]
G [0.889447236181	0.974874371859	0.0	0.879396984925	0.0	0.0	0.984924623116	0.0	0.0	0.00502512562814	0.150753768844]
T [0.0402010050251	0.00502512562814	0.0	0.0	0.0	0.994974874372	0.00502512562814	0.994974874372	0.00502512562814	0.0	0.0753768844221]


