
Number of sequences: 1000
Number of modes: 6
Likelihood: -844.971010305


MOTIF: 0 (46 sequences, width 12)

A [0.413043478261	0.282608695652	0.0	0.282608695652	0.108695652174	0.108695652174	1.0	0.0	0.565217391304	0.239130434783	0.0217391304348	0.0]
C [0.521739130435	0.217391304348	0.934782608696	0.152173913043	0.0	0.478260869565	0.0	0.0	0.0	0.0	0.217391304348	0.260869565217]
G [0.0652173913043	0.0869565217391	0.0217391304348	0.54347826087	0.891304347826	0.0	0.0	1.0	0.0434782608696	0.695652173913	0.391304347826	0.391304347826]
T [0.0	0.413043478261	0.0434782608696	0.0217391304348	0.0	0.413043478261	0.0	0.0	0.391304347826	0.0652173913043	0.369565217391	0.347826086957]



MOTIF: 1 (205 sequences, width 12)

A [0.580487804878	0.0926829268293	0.2	0.0	0.360975609756	0.121951219512	0.0146341463415	0.346341463415	0.40487804878	0.0	0.121951219512	0.219512195122]
C [0.0	0.107317073171	0.429268292683	0.258536585366	0.00487804878049	0.0243902439024	0.4	0.0975609756098	0.170731707317	0.0	0.0	0.614634146341]
G [0.0439024390244	0.585365853659	0.0	0.741463414634	0.629268292683	0.0878048780488	0.131707317073	0.424390243902	0.0926829268293	0.0	0.29756097561	0.0487804878049]
T [0.375609756098	0.214634146341	0.370731707317	0.0	0.00487804878049	0.765853658537	0.453658536585	0.131707317073	0.331707317073	1.0	0.580487804878	0.117073170732]



MOTIF: 2 (40 sequences, width 12)

A [0.0	0.0	0.0	0.0	0.0	0.2	0.025	0.875	0.0	0.3	0.225	0.0]
C [0.15	0.225	0.175	0.0	1.0	0.025	0.675	0.025	0.125	0.175	0.35	0.5]
G [0.0	0.775	0.825	0.0	0.0	0.5	0.1	0.05	0.325	0.025	0.3	0.0]
T [0.85	0.0	0.0	1.0	0.0	0.275	0.2	0.05	0.55	0.5	0.125	0.5]



MOTIF: 3 (286 sequences, width 12)

A [0.034965034965	0.311188811189	0.0	0.0944055944056	0.363636363636	0.0034965034965	0.15034965035	0.118881118881	0.0	0.230769230769	0.248251748252	0.0]
C [0.0	0.237762237762	0.258741258741	0.118881118881	0.0	0.968531468531	0.199300699301	0.272727272727	0.325174825175	0.272727272727	0.013986013986	0.0839160839161]
G [0.223776223776	0.451048951049	0.286713286713	0.454545454545	0.199300699301	0.0034965034965	0.195804195804	0.136363636364	0.318181818182	0.468531468531	0.566433566434	0.0]
T [0.741258741259	0.0	0.454545454545	0.332167832168	0.437062937063	0.0244755244755	0.454545454545	0.472027972028	0.356643356643	0.027972027972	0.171328671329	0.916083916084]



MOTIF: 4 (109 sequences, width 12)

A [0.247706422018	0.192660550459	0.596330275229	0.0	0.0550458715596	0.165137614679	0.577981651376	0.51376146789	0.0550458715596	0.853211009174	0.0550458715596	0.192660550459]
C [0.0	0.532110091743	0.0550458715596	0.0917431192661	0.0183486238532	0.0275229357798	0.0	0.0	0.51376146789	0.0	0.935779816514	0.357798165138]
G [0.357798165138	0.201834862385	0.0642201834862	0.688073394495	0.128440366972	0.770642201835	0.412844036697	0.357798165138	0.385321100917	0.0	0.00917431192661	0.412844036697]
T [0.394495412844	0.0733944954128	0.284403669725	0.220183486239	0.798165137615	0.0366972477064	0.00917431192661	0.128440366972	0.045871559633	0.146788990826	0.0	0.0366972477064]



MOTIF: 5 (314 sequences, width 12)

A [0.0	0.165605095541	0.0	0.111464968153	0.00636942675159	0.608280254777	0.0668789808917	0.31847133758	0.0286624203822	0.359872611465	0.585987261146	0.43949044586]
C [0.0	0.222929936306	0.296178343949	0.283439490446	0.468152866242	0.0	0.302547770701	0.40127388535	0.442675159236	0.0	0.0764331210191	0.184713375796]
G [0.691082802548	0.0031847133758	0.493630573248	0.162420382166	0.0	0.0	0.277070063694	0.194267515924	0.528662420382	0.34076433121	0.334394904459	0.0]
T [0.308917197452	0.608280254777	0.210191082803	0.442675159236	0.525477707006	0.391719745223	0.353503184713	0.0859872611465	0.0	0.299363057325	0.0031847133758	0.375796178344]


