
Number of sequences: 2292
Number of modes: 7
Likelihood: 12956.94278


MOTIF: 0 (6 sequences, width 21)

A [0.333333333333	0.166666666667	0.0	1.0	0.0	0.0	1.0	0.0	0.5	0.166666666667	0.0	0.0	0.0	0.833333333333	0.0	1.0	0.0	0.0	0.333333333333	0.333333333333	0.0]
C [0.333333333333	0.0	0.666666666667	0.0	0.0	0.333333333333	0.0	1.0	0.5	0.0	0.0	0.0	0.0	0.0	0.666666666667	0.0	0.0	0.5	0.166666666667	0.666666666667	1.0]
G [0.333333333333	0.166666666667	0.0	0.0	1.0	0.166666666667	0.0	0.0	0.0	0.166666666667	0.0	1.0	1.0	0.0	0.166666666667	0.0	0.833333333333	0.0	0.0	0.0	0.0]
T [0.0	0.666666666667	0.333333333333	0.0	0.0	0.5	0.0	0.0	0.0	0.666666666667	1.0	0.0	0.0	0.166666666667	0.166666666667	0.0	0.166666666667	0.5	0.5	0.0	0.0]



MOTIF: 1 (377 sequences, width 11)

A [0.114058355438	0.0291777188329	0.543766578249	0.106100795756	0.0132625994695	0.0106100795756	0.0079575596817	0.0026525198939	0.0	0.0053050397878	0.769230769231]
C [0.0	0.122015915119	0.286472148541	0.0	0.986737400531	0.0053050397878	0.0132625994695	0.0	0.986737400531	0.986737400531	0.0424403183024]
G [0.856763925729	0.779840848806	0.0	0.872679045093	0.0	0.0	0.970822281167	0.0	0.0	0.0026525198939	0.129973474801]
T [0.0291777188329	0.0689655172414	0.16976127321	0.0212201591512	0.0	0.984084880637	0.0079575596817	0.997347480106	0.0132625994695	0.0053050397878	0.0583554376658]



MOTIF: 2 (257 sequences, width 9)

A [0.124513618677	0.0661478599222	0.0933852140078	0.719844357977	0.0	0.0622568093385	0.642023346304	0.0466926070039	0.0466926070039]
C [0.206225680934	0.167315175097	0.902723735409	0.011673151751	0.190661478599	0.813229571984	0.268482490272	0.715953307393	0.657587548638]
G [0.120622568093	0.0389105058366	0.00389105058366	0.0	0.684824902724	0.101167315175	0.0	0.0	0.0389105058366]
T [0.548638132296	0.727626459144	0.0	0.268482490272	0.124513618677	0.0233463035019	0.0894941634241	0.237354085603	0.256809338521]



MOTIF: 3 (4 sequences, width 20)

A [0.0	0.0	0.75	0.0	0.25	0.75	0.0	0.0	0.0	0.0	0.0	0.0	0.75	0.0	1.0	0.5	0.0	0.0	0.0	0.0]
C [0.75	0.75	0.0	0.0	0.75	0.0	1.0	1.0	0.0	0.0	0.0	0.25	0.25	1.0	0.0	0.0	0.0	0.0	0.5	0.75]
G [0.0	0.25	0.0	0.0	0.0	0.25	0.0	0.0	0.0	0.25	1.0	0.75	0.0	0.0	0.0	0.5	0.75	0.25	0.5	0.0]
T [0.25	0.0	0.25	1.0	0.0	0.0	0.0	0.0	1.0	0.75	0.0	0.0	0.0	0.0	0.0	0.0	0.25	0.75	0.0	0.25]



MOTIF: 4 (139 sequences, width 21)

A [0.0	0.0	0.0	0.201438848921	0.151079136691	0.302158273381	0.230215827338	0.179856115108	0.136690647482	0.122302158273	0.0575539568345	0.122302158273	0.208633093525	0.0	0.0	0.0143884892086	0.0	0.0	0.0	0.985611510791	0.920863309353]
C [0.00719424460432	0.302158273381	0.63309352518	0.669064748201	0.568345323741	0.424460431655	0.294964028777	0.503597122302	0.553956834532	0.395683453237	0.517985611511	0.194244604317	0.0	0.0	0.0	0.0	1.0	0.0	0.0	0.0	0.0]
G [0.431654676259	0.338129496403	0.00719424460432	0.0503597122302	0.158273381295	0.143884892086	0.352517985612	0.208633093525	0.158273381295	0.179856115108	0.323741007194	0.10071942446	0.791366906475	1.0	0.0	0.964028776978	0.0	0.0	1.0	0.0143884892086	0.0287769784173]
T [0.561151079137	0.359712230216	0.359712230216	0.0791366906475	0.122302158273	0.129496402878	0.122302158273	0.107913669065	0.151079136691	0.302158273381	0.10071942446	0.58273381295	0.0	0.0	1.0	0.0215827338129	0.0	1.0	0.0	0.0	0.0503597122302]



MOTIF: 5 (1276 sequences, width 21)

A [0.165360501567	0.0815047021944	0.297805642633	0.134796238245	0.00235109717868	0.0	0.0454545454545	0.0329153605016	0.0	0.00235109717868	0.512539184953	0.183385579937	0.044670846395	0.00156739811912	0.000783699059561	0.0728840125392	0.00156739811912	0.0	0.0329153605016	0.799373040752	0.580721003135]
C [0.0274294670846	0.193573667712	0.449059561129	0.111285266458	0.957680250784	0.00470219435737	0.141849529781	0.0117554858934	0.988244514107	0.972570532915	0.0846394984326	0.112068965517	0.00783699059561	0.0	0.00156739811912	0.202978056426	0.990595611285	0.000783699059561	0.0	0.0807210031348	0.224921630094]
G [0.699843260188	0.580721003135	0.0203761755486	0.618338557994	0.00548589341693	0.0	0.807993730408	0.0775862068966	0.0	0.00313479623824	0.253918495298	0.127742946708	0.931034482759	0.998432601881	0.0	0.652821316614	0.0	0.0	0.956896551724	0.119905956113	0.0783699059561]
T [0.10736677116	0.144200626959	0.23275862069	0.135579937304	0.0344827586207	0.995297805643	0.00470219435737	0.877742946708	0.0117554858934	0.0219435736677	0.148902821317	0.576802507837	0.0164576802508	0.0	0.997648902821	0.0713166144201	0.00783699059561	0.99921630094	0.0101880877743	0.0	0.115987460815]



MOTIF: 6 (233 sequences, width 18)

A [0.12017167382	0.0386266094421	0.412017167382	0.0815450643777	0.0	0.0	0.0386266094421	0.0128755364807	0.0	0.0	0.824034334764	0.377682403433	0.00429184549356	0.0	0.0	0.356223175966	0.0472103004292	0.068669527897]
C [0.0300429184549	0.236051502146	0.364806866953	0.0600858369099	1.0	0.0	0.158798283262	0.0	0.995708154506	0.995708154506	0.0343347639485	0.0257510729614	0.0	0.0	0.0	0.214592274678	0.673819742489	0.309012875536]
G [0.772532188841	0.618025751073	0.0	0.742489270386	0.0	0.0	0.798283261803	0.0128755364807	0.0	0.0	0.0901287553648	0.0858369098712	0.987124463519	1.0	0.0	0.381974248927	0.167381974249	0.12017167382]
T [0.0772532188841	0.107296137339	0.223175965665	0.115879828326	0.0	1.0	0.00429184549356	0.974248927039	0.00429184549356	0.00429184549356	0.0515021459227	0.510729613734	0.00858369098712	0.0	1.0	0.0472103004292	0.111587982833	0.502145922747]


