
Number of sequences: 1000
Number of modes: 5
Likelihood: -804.236704655


MOTIF: 0 (83 sequences, width 8)

A [0.204819277108	0.0	0.0120481927711	0.301204819277	0.0	0.0	0.0	0.0481927710843]
C [0.228915662651	0.0	0.0843373493976	0.0	0.795180722892	0.265060240964	0.0602409638554	0.0]
G [0.566265060241	1.0	0.493975903614	0.0120481927711	0.204819277108	0.0	0.228915662651	0.0]
T [0.0	0.0	0.409638554217	0.686746987952	0.0	0.734939759036	0.710843373494	0.951807228916]



MOTIF: 1 (288 sequences, width 8)

A [0.239583333333	0.152777777778	0.0	0.0	0.517361111111	0.0	0.0	0.0]
C [0.0763888888889	0.0	0.0	0.0	0.482638888889	0.197916666667	0.0555555555556	0.239583333333]
G [0.684027777778	0.107638888889	0.222222222222	0.0	0.0	0.243055555556	0.354166666667	0.493055555556]
T [0.0	0.739583333333	0.777777777778	1.0	0.0	0.559027777778	0.590277777778	0.267361111111]



MOTIF: 2 (89 sequences, width 8)

A [0.52808988764	0.0	0.0	0.0	0.719101123596	0.348314606742	0.775280898876	0.651685393258]
C [0.0	0.0	1.0	0.0561797752809	0.0	0.0	0.157303370787	0.269662921348]
G [0.23595505618	1.0	0.0	0.943820224719	0.269662921348	0.23595505618	0.0224719101124	0.0449438202247]
T [0.23595505618	0.0	0.0	0.0	0.0112359550562	0.415730337079	0.0449438202247	0.0337078651685]



MOTIF: 3 (384 sequences, width 7)

A [0.0	0.0	0.908854166667	0.0	0.4921875	0.0	0.0989583333333]
C [0.6953125	0.755208333333	0.0	0.354166666667	0.2734375	0.0416666666667	0.00520833333333]
G [0.0	0.2421875	0.0	0.3125	0.0338541666667	0.958333333333	0.263020833333]
T [0.3046875	0.00260416666667	0.0911458333333	0.333333333333	0.200520833333	0.0	0.6328125]



MOTIF: 4 (156 sequences, width 8)

A [0.121794871795	0.0	0.0	0.0	0.0	0.0	0.25641025641	0.0]
C [0.0384615384615	0.185897435897	0.980769230769	0.467948717949	0.589743589744	0.371794871795	0.0320512820513	0.0]
G [0.307692307692	0.0	0.0192307692308	0.532051282051	0.0	0.0	0.564102564103	0.0]
T [0.532051282051	0.814102564103	0.0	0.0	0.410256410256	0.628205128205	0.147435897436	1.0]


