
Number of sequences: 1000
Number of modes: 7
Likelihood: -681.924589736


MOTIF: 0 (125 sequences, width 8)

A [0.0	0.0	0.448	0.0	0.248	0.024	0.04	0.792]
C [0.0	1.0	0.232	0.672	0.32	0.216	0.0	0.0]
G [0.872	0.0	0.0	0.264	0.0	0.76	0.0	0.024]
T [0.128	0.0	0.32	0.064	0.432	0.0	0.96	0.184]



MOTIF: 1 (232 sequences, width 8)

A [0.0	0.0258620689655	0.297413793103	0.0	0.0	0.0	0.0	0.262931034483]
C [0.775862068966	0.0	0.159482758621	0.219827586207	0.629310344828	0.0129310344828	0.387931034483	0.284482758621]
G [0.224137931034	0.0	0.254310344828	0.0	0.370689655172	0.987068965517	0.0474137931034	0.112068965517]
T [0.0	0.974137931034	0.288793103448	0.780172413793	0.0	0.0	0.564655172414	0.340517241379]



MOTIF: 2 (138 sequences, width 8)

A [0.478260869565	0.0	0.0	0.760869565217	0.0	0.0	0.239130434783	0.355072463768]
C [0.0	0.0	0.0	0.0	1.0	0.0	0.159420289855	0.0]
G [0.275362318841	0.978260869565	1.0	0.0869565217391	0.0	0.478260869565	0.260869565217	0.13768115942]
T [0.246376811594	0.0217391304348	0.0	0.152173913043	0.0	0.521739130435	0.340579710145	0.507246376812]



MOTIF: 3 (115 sequences, width 8)

A [0.00869565217391	0.147826086957	0.373913043478	0.0	0.0	1.0	0.00869565217391	0.191304347826]
C [0.0	0.408695652174	0.00869565217391	0.0	0.0	0.0	0.00869565217391	0.0]
G [0.904347826087	0.0434782608696	0.321739130435	0.782608695652	0.321739130435	0.0	0.686956521739	0.0]
T [0.0869565217391	0.4	0.295652173913	0.217391304348	0.678260869565	0.0	0.295652173913	0.808695652174]



MOTIF: 4 (93 sequences, width 8)

A [0.129032258065	0.0	0.440860215054	0.0	0.301075268817	0.247311827957	0.569892473118	0.0]
C [0.0967741935484	1.0	0.010752688172	0.89247311828	0.0	0.0	0.430107526882	0.161290322581]
G [0.0	0.0	0.204301075269	0.0	0.0	0.010752688172	0.0	0.838709677419]
T [0.774193548387	0.0	0.344086021505	0.10752688172	0.698924731183	0.741935483871	0.0	0.0]



MOTIF: 5 (0 sequences, width 0)


MOTIF: 6 (297 sequences, width 8)

A [0.0	0.252525252525	0.003367003367	0.0	0.572390572391	0.0	0.0	0.00673400673401]
C [0.208754208754	0.016835016835	0.0	0.0538720538721	0.323232323232	0.205387205387	0.158249158249	0.175084175084]
G [0.781144781145	0.191919191919	0.111111111111	0.0	0.104377104377	0.010101010101	0.265993265993	0.515151515152]
T [0.010101010101	0.538720538721	0.885521885522	0.946127946128	0.0	0.784511784512	0.575757575758	0.30303030303]


