
Number of sequences: 1000
Number of modes: 7
Likelihood: -647.98620681


MOTIF: 0 (196 sequences, width 8)

A [0.0204081632653	0.0	0.0	0.387755102041	0.0	0.0	0.418367346939	0.0]
C [0.0	0.102040816327	0.362244897959	0.0102040816327	0.0663265306122	1.0	0.275510204082	0.647959183673]
G [0.540816326531	0.311224489796	0.0	0.418367346939	0.0	0.0	0.30612244898	0.0]
T [0.438775510204	0.586734693878	0.637755102041	0.183673469388	0.933673469388	0.0	0.0	0.352040816327]



MOTIF: 1 (0 sequences, width 0)


MOTIF: 2 (244 sequences, width 8)

A [0.532786885246	0.0	0.696721311475	0.0	0.0696721311475	0.479508196721	0.0	0.487704918033]
C [0.0	0.180327868852	0.0	0.0	0.0	0.122950819672	0.385245901639	0.00409836065574]
G [0.188524590164	0.0	0.0	1.0	0.930327868852	0.241803278689	0.327868852459	0.217213114754]
T [0.27868852459	0.819672131148	0.303278688525	0.0	0.0	0.155737704918	0.286885245902	0.290983606557]



MOTIF: 3 (10 sequences, width 8)

A [0.4	0.0	0.0	0.0	0.1	0.1	0.1	0.0]
C [0.0	0.1	0.0	1.0	0.0	0.0	0.0	0.0]
G [0.6	0.9	0.0	0.0	0.0	0.9	0.0	0.0]
T [0.0	0.0	1.0	0.0	0.9	0.0	0.9	1.0]



MOTIF: 4 (179 sequences, width 8)

A [0.0	0.0	0.201117318436	0.0	0.418994413408	0.0	0.357541899441	0.240223463687]
C [0.00558659217877	1.0	0.212290502793	0.715083798883	0.0	0.0	0.0	0.245810055866]
G [0.0	0.0	0.402234636872	0.00558659217877	0.0	0.782122905028	0.0167597765363	0.513966480447]
T [0.994413407821	0.0	0.184357541899	0.279329608939	0.581005586592	0.217877094972	0.625698324022	0.0]



MOTIF: 5 (281 sequences, width 8)

A [0.259786476868	0.00355871886121	0.00355871886121	0.0	0.476868327402	0.0	0.0	0.0]
C [0.0	0.0	0.0	0.0	0.523131672598	0.220640569395	0.0	0.284697508897]
G [0.740213523132	0.274021352313	0.398576512456	0.0818505338078	0.0	0.195729537367	0.341637010676	0.380782918149]
T [0.0	0.722419928826	0.597864768683	0.918149466192	0.0	0.583629893238	0.658362989324	0.334519572954]



MOTIF: 6 (90 sequences, width 8)

A [0.311111111111	0.0	0.0888888888889	0.444444444444	0.0222222222222	0.422222222222	0.0	0.0]
C [0.0	0.877777777778	0.0	0.444444444444	0.922222222222	0.544444444444	0.0	0.333333333333]
G [0.0	0.0111111111111	0.0111111111111	0.0444444444444	0.0	0.0333333333333	0.988888888889	0.0]
T [0.688888888889	0.111111111111	0.9	0.0666666666667	0.0555555555556	0.0	0.0111111111111	0.666666666667]


