
Number of sequences: 1000
Number of modes: 5
Likelihood: -951.849761843


MOTIF: 0 (192 sequences, width 12)

A [0.645833333333	0.0208333333333	0.286458333333	0.0	0.46875	0.078125	0.0	0.557291666667	0.421875	0.0	0.104166666667	0.09375]
C [0.09375	0.223958333333	0.453125	0.270833333333	0.0	0.239583333333	0.296875	0.0572916666667	0.265625	0.00520833333333	0.015625	0.75]
G [0.0	0.5625	0.0	0.729166666667	0.53125	0.239583333333	0.171875	0.270833333333	0.0885416666667	0.0	0.328125	0.0104166666667]
T [0.260416666667	0.192708333333	0.260416666667	0.0	0.0	0.442708333333	0.53125	0.114583333333	0.223958333333	0.994791666667	0.552083333333	0.145833333333]



MOTIF: 1 (80 sequences, width 12)

A [0.1375	0.0	0.0	0.0125	0.35	0.0	0.3	0.3375	0.25	0.0	0.0	0.075]
C [0.6625	0.0	0.7125	0.0375	0.2125	0.925	0.625	0.35	0.4	0.2375	0.0375	0.25]
G [0.2	0.0	0.2875	0.0875	0.1125	0.075	0.075	0.275	0.0	0.15	0.5	0.425]
T [0.0	1.0	0.0	0.8625	0.325	0.0	0.0	0.0375	0.35	0.6125	0.4625	0.25]



MOTIF: 2 (351 sequences, width 12)

A [0.039886039886	0.00569800569801	0.042735042735	0.0	0.128205128205	0.336182336182	0.0	0.327635327635	0.150997150997	0.0	0.561253561254	0.301994301994]
C [0.0	0.304843304843	0.039886039886	0.410256410256	0.230769230769	0.205128205128	0.131054131054	0.413105413105	0.435897435897	0.0598290598291	0.0968660968661	0.239316239316]
G [0.552706552707	0.452991452991	0.430199430199	0.287749287749	0.0	0.042735042735	0.00854700854701	0.259259259259	0.413105413105	0.245014245014	0.259259259259	0.270655270655]
T [0.407407407407	0.236467236467	0.487179487179	0.301994301994	0.641025641026	0.415954415954	0.860398860399	0.0	0.0	0.695156695157	0.0826210826211	0.188034188034]



MOTIF: 3 (139 sequences, width 12)

A [0.0	0.273381294964	0.446043165468	0.36690647482	0.0647482014388	0.0359712230216	0.302158273381	0.0	0.107913669065	0.0	0.309352517986	0.0]
C [0.0	0.0359712230216	0.201438848921	0.294964028777	0.165467625899	0.942446043165	0.388489208633	0.330935251799	0.0	0.0287769784173	0.517985611511	0.10071942446]
G [0.784172661871	0.0719424460432	0.187050359712	0.338129496403	0.0	0.0	0.302158273381	0.0	0.302158273381	0.460431654676	0.0	0.359712230216]
T [0.215827338129	0.618705035971	0.165467625899	0.0	0.769784172662	0.0215827338129	0.00719424460432	0.669064748201	0.589928057554	0.510791366906	0.172661870504	0.539568345324]



MOTIF: 4 (238 sequences, width 12)

A [0.22268907563	0.0	0.260504201681	0.68487394958	0.0	0.0336134453782	0.0	0.00420168067227	0.676470588235	0.0	0.0210084033613	0.0168067226891]
C [0.285714285714	0.0210084033613	0.117647058824	0.134453781513	0.138655462185	0.0	0.340336134454	0.22268907563	0.176470588235	0.00420168067227	0.235294117647	0.205882352941]
G [0.491596638655	0.331932773109	0.226890756303	0.180672268908	0.546218487395	0.201680672269	0.256302521008	0.0378151260504	0.121848739496	0.508403361345	0.31512605042	0.424369747899]
T [0.0	0.647058823529	0.394957983193	0.0	0.31512605042	0.764705882353	0.403361344538	0.735294117647	0.0252100840336	0.487394957983	0.428571428571	0.352941176471]


