
Number of sequences: 2292
Number of modes: 5
Likelihood: 12418.6699235


MOTIF: 0 (155 sequences, width 21)

A [0.174193548387	0.148387096774	0.0322580645161	0.0129032258065	0.0129032258065	0.0	0.0	0.00645161290323	0.0	0.0	0.206451612903	0.00645161290323	0.0451612903226	0.0	0.0	0.0258064516129	0.0	0.0	0.0	0.993548387097	0.961290322581]
C [0.0	0.174193548387	0.806451612903	0.212903225806	0.870967741935	0.0387096774194	0.0	0.00645161290323	0.961290322581	0.974193548387	0.148387096774	0.387096774194	0.0129032258065	0.0	0.0129032258065	0.0516129032258	1.0	0.0	0.0	0.00645161290323	0.0129032258065]
G [0.670967741935	0.393548387097	0.00645161290323	0.554838709677	0.0258064516129	0.0129032258065	1.0	0.109677419355	0.0	0.0	0.432258064516	0.0	0.890322580645	1.0	0.0	0.922580645161	0.0	0.0	1.0	0.0	0.0193548387097]
T [0.154838709677	0.283870967742	0.154838709677	0.21935483871	0.0903225806452	0.948387096774	0.0	0.877419354839	0.0387096774194	0.0258064516129	0.212903225806	0.606451612903	0.0516129032258	0.0	0.987096774194	0.0	0.0	1.0	0.0	0.0	0.00645161290323]



MOTIF: 1 (277 sequences, width 13)

A [0.086642599278	0.0	0.0	0.992779783394	0.0	0.014440433213	0.981949458484	0.0	0.0	0.523465703971	0.086642599278	0.209386281588	0.220216606498]
C [0.0216606498195	0.0541516245487	0.992779783394	0.0	0.0	0.945848375451	0.014440433213	0.98916967509	0.794223826715	0.115523465704	0.303249097473	0.270758122744	0.212996389892]
G [0.0541516245487	0.0216606498195	0.0072202166065	0.0	1.0	0.014440433213	0.0	0.0	0.0	0.158844765343	0.490974729242	0.389891696751	0.43321299639]
T [0.837545126354	0.924187725632	0.0	0.0072202166065	0.0	0.0252707581227	0.00361010830325	0.0108303249097	0.205776173285	0.202166064982	0.119133574007	0.129963898917	0.13357400722]



MOTIF: 2 (1225 sequences, width 21)

A [0.137142857143	0.0195918367347	0.0269387755102	0.98612244898	0.00979591836735	0.0791836734694	0.999183673469	0.00816326530612	0.0130612244898	0.57387755102	0.132244897959	0.0195918367347	0.00734693877551	0.889795918367	0.00571428571429	1.0	0.0228571428571	0.123265306122	0.250612244898	0.124897959184	0.0955102040816]
C [0.103673469388	0.149387755102	0.90612244898	0.00163265306122	0.0	0.587755102041	0.0	0.990204081633	0.942040816327	0.136326530612	0.227755102041	0.00326530612245	0.0	0.0661224489796	0.781224489796	0.0	0.0	0.638367346939	0.0204081632653	0.605714285714	0.714285714286]
G [0.261224489796	0.100408163265	0.0114285714286	0.0122448979592	0.98693877551	0.224489795918	0.000816326530612	0.0	0.00408163265306	0.0718367346939	0.0702040816327	0.974693877551	0.992653061224	0.0114285714286	0.16	0.0	0.974693877551	0.094693877551	0.385306122449	0.203265306122	0.0302040816327]
T [0.497959183673	0.730612244898	0.0555102040816	0.0	0.00326530612245	0.108571428571	0.0	0.00163265306122	0.0408163265306	0.217959183673	0.569795918367	0.00244897959184	0.0	0.0326530612245	0.0530612244898	0.0	0.00244897959184	0.143673469388	0.343673469388	0.0661224489796	0.16]



MOTIF: 3 (401 sequences, width 16)

A [0.214463840399	0.0847880299252	0.0199501246883	0.526184538653	0.0997506234414	0.0	0.0	0.00498753117207	0.0124688279302	0.0	0.00249376558603	0.875311720698	0.246882793017	0.0847880299252	0.201995012469	0.0473815461347]
C [0.0498753117207	0.0074812967581	0.129675810474	0.309226932668	0.0174563591022	0.997506234414	0.0	0.0598503740648	0.0	0.997506234414	0.995012468828	0.0324189526185	0.129675810474	0.341645885287	0.142144638404	0.259351620948]
G [0.513715710723	0.860349127182	0.795511221945	0.0	0.847880299252	0.0	0.0	0.935162094763	0.00498753117207	0.0	0.0	0.0673316708229	0.418952618454	0.471321695761	0.548628428928	0.172069825436]
T [0.221945137157	0.0473815461347	0.0548628428928	0.164588528678	0.0349127182045	0.00249376558603	1.0	0.0	0.982543640898	0.00249376558603	0.00249376558603	0.0249376558603	0.204488778055	0.102244389027	0.1072319202	0.521197007481]



MOTIF: 4 (234 sequences, width 8)

A [0.209401709402	0.0042735042735	0.0512820512821	0.726495726496	0.119658119658	0.884615384615	0.0042735042735	0.162393162393]
C [0.0769230769231	0.0	0.0854700854701	0.0128205128205	0.662393162393	0.00854700854701	0.0470085470085	0.465811965812]
G [0.205128205128	0.816239316239	0.858974358974	0.132478632479	0.136752136752	0.0042735042735	0.893162393162	0.209401709402]
T [0.508547008547	0.179487179487	0.0042735042735	0.128205128205	0.0811965811966	0.102564102564	0.0555555555556	0.162393162393]


