
Number of sequences: 1000
Number of modes: 8
Likelihood: -633.782497052


MOTIF: 0 (198 sequences, width 8)

A [0.323232323232	0.0	0.0	0.0	0.712121212121	0.111111111111	0.383838383838	0.570707070707]
C [0.00505050505051	0.0	0.621212121212	0.30303030303	0.0	0.0	0.30303030303	0.030303030303]
G [0.0	0.863636363636	0.0	0.69696969697	0.287878787879	0.888888888889	0.156565656566	0.39898989899]
T [0.671717171717	0.136363636364	0.378787878788	0.0	0.0	0.0	0.156565656566	0.0]



MOTIF: 1 (57 sequences, width 8)

A [0.508771929825	0.0	0.964912280702	0.0	0.0	0.0	0.298245614035	0.0701754385965]
C [0.40350877193	0.842105263158	0.0	0.0	0.947368421053	0.140350877193	0.157894736842	0.0]
G [0.0	0.140350877193	0.0175438596491	0.438596491228	0.0	0.824561403509	0.543859649123	0.0]
T [0.0877192982456	0.0175438596491	0.0175438596491	0.561403508772	0.0526315789474	0.0350877192982	0.0	0.929824561404]



MOTIF: 2 (76 sequences, width 8)

A [0.0263157894737	0.0263157894737	0.0263157894737	0.75	0.0	0.368421052632	0.0394736842105	0.0]
C [0.0	0.0	0.355263157895	0.0	0.934210526316	0.0789473684211	0.0921052631579	0.0]
G [0.973684210526	0.973684210526	0.618421052632	0.0	0.0	0.0	0.657894736842	0.0789473684211]
T [0.0	0.0	0.0	0.25	0.0657894736842	0.552631578947	0.210526315789	0.921052631579]



MOTIF: 3 (128 sequences, width 8)

A [0.046875	0.3359375	0.0	0.34375	0.3203125	0.0	0.0	0.296875]
C [0.4765625	0.359375	1.0	0.0234375	0.0	0.0546875	0.0	0.15625]
G [0.3046875	0.0	0.0	0.0	0.6796875	0.0	1.0	0.546875]
T [0.171875	0.3046875	0.0	0.6328125	0.0	0.9453125	0.0	0.0]



MOTIF: 4 (84 sequences, width 8)

A [0.0357142857143	0.345238095238	0.0	0.202380952381	0.0	0.0	0.0	0.309523809524]
C [0.0	0.27380952381	0.0	0.369047619048	0.047619047619	0.0	0.440476190476	0.690476190476]
G [0.0	0.0119047619048	0.904761904762	0.428571428571	0.916666666667	0.0238095238095	0.559523809524	0.0]
T [0.964285714286	0.369047619048	0.0952380952381	0.0	0.0357142857143	0.97619047619	0.0	0.0]



MOTIF: 5 (224 sequences, width 8)

A [0.0	0.200892857143	0.0	0.0	0.575892857143	0.0	0.0	0.00892857142857]
C [0.174107142857	0.00446428571429	0.0133928571429	0.0	0.410714285714	0.366071428571	0.120535714286	0.334821428571]
G [0.825892857143	0.0223214285714	0.15625	0.0	0.0	0.160714285714	0.232142857143	0.415178571429]
T [0.0	0.772321428571	0.830357142857	1.0	0.0133928571429	0.473214285714	0.647321428571	0.241071428571]



MOTIF: 6 (233 sequences, width 8)

A [0.0472103004292	0.0	0.00429184549356	0.00429184549356	0.0	0.270386266094	0.0	0.0]
C [0.0	0.0	0.961373390558	0.283261802575	0.412017167382	0.158798283262	0.210300429185	0.0]
G [0.360515021459	0.158798283262	0.0343347639485	0.639484978541	0.0557939914163	0.145922746781	0.510729613734	0.0]
T [0.592274678112	0.841201716738	0.0	0.0729613733906	0.532188841202	0.424892703863	0.278969957082	1.0]



MOTIF: 7 (0 sequences, width 0)

