
Number of sequences: 2292
Number of modes: 6
Likelihood: 12606.2247179


MOTIF: 0 (1260 sequences, width 21)

A [0.16746031746	0.0809523809524	0.297619047619	0.133333333333	0.00238095238095	0.0	0.0468253968254	0.0333333333333	0.0	0.00238095238095	0.511111111111	0.188095238095	0.0452380952381	0.0015873015873	0.0	0.0769841269841	0.0031746031746	0.0	0.00238095238095	0.785714285714	0.576984126984]
C [0.0269841269841	0.200793650794	0.445238095238	0.110317460317	0.95873015873	0.0047619047619	0.146031746032	0.0119047619048	0.988095238095	0.974603174603	0.0849206349206	0.112698412698	0.00714285714286	0.0	0.0015873015873	0.205555555556	0.988888888889	0.0	0.0	0.0793650793651	0.228571428571]
G [0.701587301587	0.579365079365	0.0206349206349	0.619841269841	0.00396825396825	0.0	0.802380952381	0.0761904761905	0.0	0.0031746031746	0.253174603175	0.130952380952	0.930158730159	0.998412698413	0.0	0.644444444444	0.0	0.0	0.988888888889	0.118253968254	0.0785714285714]
T [0.103968253968	0.138888888889	0.236507936508	0.136507936508	0.0349206349206	0.995238095238	0.0047619047619	0.878571428571	0.0119047619048	0.0198412698413	0.150793650794	0.568253968254	0.0174603174603	0.0	0.998412698413	0.0730158730159	0.00793650793651	1.0	0.00873015873016	0.0166666666667	0.115873015873]



MOTIF: 1 (278 sequences, width 10)

A [0.0719424460432	0.0	0.0	1.0	0.0	0.0	0.982014388489	0.00359712230216	0.0	0.514388489209]
C [0.0323741007194	0.0539568345324	0.992805755396	0.0	0.0	0.924460431655	0.0179856115108	0.992805755396	0.755395683453	0.122302158273]
G [0.0287769784173	0.00359712230216	0.00719424460432	0.0	1.0	0.0539568345324	0.0	0.00359712230216	0.0	0.187050359712]
T [0.86690647482	0.942446043165	0.0	0.0	0.0	0.0215827338129	0.0	0.0	0.244604316547	0.176258992806]



MOTIF: 2 (186 sequences, width 13)

A [0.274193548387	0.215053763441	0.295698924731	0.311827956989	0.145161290323	0.274193548387	0.215053763441	0.0806451612903	0.274193548387	0.41935483871	0.0	0.543010752688	0.188172043011]
C [0.403225806452	0.467741935484	0.134408602151	0.0161290322581	0.0215053763441	0.0322580645161	0.0	0.0376344086022	0.521505376344	0.0	0.0752688172043	0.00537634408602	0.376344086022]
G [0.188172043011	0.166666666667	0.220430107527	0.424731182796	0.741935483871	0.634408602151	0.381720430108	0.688172043011	0.188172043011	0.00537634408602	0.806451612903	0.161290322581	0.327956989247]
T [0.134408602151	0.150537634409	0.349462365591	0.247311827957	0.0913978494624	0.0591397849462	0.403225806452	0.193548387097	0.0161290322581	0.575268817204	0.118279569892	0.290322580645	0.10752688172]



MOTIF: 3 (0 sequences, width 0)


MOTIF: 4 (261 sequences, width 20)

A [0.0842911877395	0.229885057471	0.540229885057	0.111111111111	0.0536398467433	1.0	0.0421455938697	0.0153256704981	0.567049808429	0.0383141762452	0.0114942528736	0.0	0.973180076628	0.00383141762452	1.0	0.00766283524904	0.107279693487	0.2030651341	0.134099616858	0.0996168582375]
C [0.375478927203	0.180076628352	0.11877394636	0.145593869732	0.402298850575	0.0	0.95785440613	0.984674329502	0.0574712643678	0.130268199234	0.0	0.0	0.0114942528736	0.835249042146	0.0	0.0	0.735632183908	0.00383141762452	0.655172413793	0.766283524904]
G [0.164750957854	0.195402298851	0.27969348659	0.681992337165	0.2030651341	0.0	0.0	0.0	0.0114942528736	0.0498084291188	0.988505747126	1.0	0.0	0.134099616858	0.0	0.988505747126	0.0651340996169	0.340996168582	0.183908045977	0.0229885057471]
T [0.375478927203	0.394636015326	0.0613026819923	0.0613026819923	0.340996168582	0.0	0.0	0.0	0.36398467433	0.781609195402	0.0	0.0	0.0153256704981	0.0268199233716	0.0	0.00383141762452	0.0919540229885	0.452107279693	0.0268199233716	0.111111111111]



MOTIF: 5 (307 sequences, width 16)

A [0.195439739414	0.0846905537459	0.0260586319218	0.485342019544	0.114006514658	0.00325732899023	0.0	0.00977198697068	0.0130293159609	0.0	0.00325732899023	0.869706840391	0.14332247557	0.14006514658	0.315960912052	0.0814332247557]
C [0.0749185667752	0.00325732899023	0.14006514658	0.335504885993	0.0	0.99674267101	0.0	0.0130293159609	0.0	1.0	0.99348534202	0.0228013029316	0.224755700326	0.514657980456	0.208469055375	0.390879478827]
G [0.495114006515	0.872964169381	0.765472312704	0.0	0.85993485342	0.0	0.0	0.977198697068	0.00325732899023	0.0	0.0	0.0814332247557	0.57003257329	0.192182410423	0.296416938111	0.28338762215]
T [0.234527687296	0.0390879478827	0.0684039087948	0.179153094463	0.0260586319218	0.0	1.0	0.0	0.983713355049	0.0	0.00325732899023	0.0260586319218	0.0618892508143	0.153094462541	0.179153094463	0.244299674267]


